1	42
1	223
1	264
2	81
2	140
2	156
2	239
2	254
3	92
3	267
3	398
4	88
4	106
4	487
5	17
5	37
5	68
5	98
5	115
5	120
5	124
5	135
5	147
5	183
5	269
5	327
5	339
5	427
5	442
5	444
5	447
6	184
6	185
6	384
6	475
7	256
7	416
7	495
8	54
8	95
8	120
8	145
8	170
8	191
8	211
8	215
8	335
8	385
8	396
8	398
8	411
8	436
8	488
9	24
9	62
9	78
9	124
10	21
10	360
10	402
10	473
11	153
11	269
11	412
11	422
11	456
12	48
12	63
12	91
12	101
12	177
12	480
13	20
13	123
13	397
13	445
14	246
14	260
14	370
15	18
15	27
15	49
16	17
16	28
16	293
16	347
17	5
17	16
17	124
17	296
17	327
18	15
18	27
18	28
18	29
18	36
18	52
18	78
18	95
18	145
18	152
18	160
18	193
18	284
18	424
18	429
18	478
19	28
19	66
19	108
19	111
19	199
19	258
19	303
19	320
19	322
19	468
20	13
20	48
20	371
20	397
21	10
21	107
21	212
21	344
21	402
21	471
21	473
22	34
22	41
22	220
22	363
23	59
23	239
23	254
24	9
24	147
24	256
24	308
24	327
24	331
25	129
25	187
25	334
26	92
26	302
26	499
27	15
27	18
27	31
27	62
27	160
27	485
28	16
28	18
28	19
28	111
28	142
28	143
28	290
28	321
28	372
28	380
28	389
28	402
28	408
29	18
29	51
29	52
29	72
29	78
29	113
29	129
29	133
29	209
29	277
29	424
29	433
29	485
29	497
30	34
30	83
30	259
30	267
30	273
30	288
30	298
30	318
30	333
30	363
30	364
30	378
30	439
30	446
31	27
31	78
31	152
31	440
32	58
32	79
32	112
32	286
33	104
33	109
33	165
33	291
33	360
33	377
34	22
34	30
34	82
34	83
34	130
34	166
34	186
34	220
34	225
34	273
34	278
34	298
34	318
34	359
34	363
34	415
34	476
35	57
35	59
35	476
36	18
36	235
36	475
37	5
37	62
37	101
37	102
37	108
37	115
37	120
37	128
37	169
37	355
37	431
38	264
38	274
38	294
39	103
39	161
39	182
39	232
39	245
39	247
39	270
39	329
40	199
40	318
40	476
41	22
41	46
41	269
41	367
42	1
42	139
42	143
42	150
42	217
42	228
42	264
42	294
42	312
42	391
42	410
42	459
43	132
43	324
43	494
44	83
44	220
44	336
45	118
45	165
45	301
45	317
45	327
45	395
45	486
46	41
46	89
46	121
46	181
46	308
46	313
46	376
46	382
46	463
46	478
47	58
47	71
47	156
47	239
47	494
48	12
48	20
48	56
48	96
48	203
48	255
48	268
48	302
48	315
48	330
48	352
48	395
48	423
48	432
49	15
49	65
49	75
49	190
49	225
49	299
49	334
49	365
49	388
49	431
49	451
49	461
50	118
50	224
50	283
50	312
50	395
50	485
51	29
51	152
51	302
51	326
51	429
52	18
52	29
52	160
52	202
52	429
52	485
53	132
53	137
53	383
53	451
54	8
54	95
54	113
54	164
54	170
54	211
54	231
54	317
54	372
54	384
54	385
54	396
54	411
54	420
54	427
54	444
54	488
55	153
55	269
55	374
55	404
55	448
56	48
56	81
56	234
56	302
57	35
57	58
57	91
57	156
57	205
58	32
58	47
58	57
58	81
58	112
58	205
58	239
58	459
59	23
59	35
59	79
59	81
59	228
59	239
59	254
59	349
59	397
60	67
60	386
60	390
61	78
61	160
61	432
61	485
62	9
62	27
62	37
62	68
62	162
62	239
62	296
62	327
62	442
62	480
63	12
63	91
63	327
63	444
64	300
64	455
64	487
65	49
65	187
65	208
65	242
65	353
66	19
66	300
66	320
66	357
66	379
66	389
66	481
67	60
67	211
67	447
68	5
68	62
68	124
68	238
68	340
68	471
69	188
69	257
69	340
69	437
69	464
69	483
70	134
70	185
70	335
70	396
71	47
71	81
71	341
72	29
72	194
72	424
73	111
73	347
73	363
74	85
74	200
74	257
75	49
75	106
75	124
75	172
75	180
75	189
75	194
75	207
75	236
75	260
75	299
75	313
75	334
75	451
75	461
75	487
76	237
76	293
76	383
76	494
77	242
77	397
77	446
78	9
78	18
78	29
78	31
78	61
78	158
78	250
78	262
78	342
78	435
78	440
78	497
79	32
79	59
79	97
79	239
79	254
80	132
80	141
80	158
80	199
80	210
80	306
80	364
80	372
80	390
80	470
81	2
81	56
81	58
81	59
81	71
81	155
81	156
81	196
81	218
81	292
81	392
82	34
82	130
82	267
82	273
82	298
82	301
82	359
82	363
82	364
83	30
83	34
83	44
83	273
83	318
83	363
83	378
83	415
84	333
84	393
84	396
85	74
85	485
85	491
86	183
86	368
86	438
87	121
87	176
87	376
87	456
88	4
88	132
88	494
89	46
89	177
89	269
89	285
90	118
90	223
90	229
90	249
90	283
90	302
90	395
90	432
91	12
91	57
91	63
91	101
91	174
91	355
91	362
91	438
92	3
92	26
92	103
92	157
92	195
92	302
92	315
93	169
93	213
93	268
93	308
93	350
93	442
94	132
94	324
94	383
95	8
95	18
95	54
95	393
96	48
96	103
96	398
97	79
97	111
97	261
98	5
98	120
98	128
98	167
98	174
98	444
99	131
99	208
99	299
99	443
100	192
100	219
100	491
101	12
101	37
101	91
101	102
101	103
101	115
101	120
101	124
101	184
101	213
101	327
101	339
101	350
101	354
101	419
101	438
101	442
101	480
102	37
102	101
102	129
102	438
102	488
103	39
103	92
103	96
103	101
103	203
103	232
103	302
103	319
103	329
103	347
103	352
103	398
103	432
103	482
104	33
104	107
104	141
104	159
104	256
104	452
104	473
104	482
105	220
105	298
105	363
106	4
106	75
106	225
106	434
107	21
107	104
107	109
107	159
107	201
107	209
107	294
107	360
107	382
107	413
107	416
107	446
107	452
107	482
107	495
108	19
108	37
108	111
108	261
108	320
108	347
108	365
108	387
108	390
109	33
109	107
109	413
110	133
110	390
110	397
111	19
111	28
111	73
111	97
111	108
111	124
111	240
111	251
111	278
111	321
111	341
111	343
111	347
111	357
111	380
111	381
111	385
112	32
112	58
112	156
112	160
112	196
112	205
112	239
113	29
113	54
113	229
113	317
113	396
113	484
114	180
114	310
114	478
115	5
115	37
115	101
115	124
116	158
116	230
116	294
116	390
117	151
117	241
117	495
118	45
118	50
118	90
118	165
118	229
118	249
118	263
118	301
118	309
118	312
118	343
118	381
118	395
118	431
118	437
118	478
119	131
119	212
119	413
120	5
120	8
120	37
120	98
120	101
120	124
120	147
120	154
120	162
120	169
120	177
120	294
120	328
120	355
120	432
120	438
120	442
120	490
121	46
121	87
121	324
121	454
121	458
122	203
122	417
122	432
123	13
123	210
123	245
124	5
124	9
124	17
124	68
124	75
124	101
124	111
124	115
124	120
124	154
124	238
124	438
124	471
125	153
125	269
125	374
126	265
126	303
126	312
127	132
127	214
127	460
127	494
128	37
128	98
128	376
128	480
129	25
129	29
129	102
129	213
129	279
129	327
129	444
130	34
130	82
130	213
130	220
131	99
131	119
131	201
131	256
131	360
132	43
132	53
132	80
132	88
132	94
132	127
132	176
132	206
132	210
132	295
132	305
132	324
132	361
132	366
132	371
132	383
132	430
132	460
132	479
132	494
133	29
133	110
133	342
134	70
134	210
134	372
134	397
134	446
134	476
135	5
135	169
135	331
135	362
135	398
135	444
136	139
136	264
136	379
137	53
137	373
137	383
138	215
138	247
138	280
138	302
138	356
139	42
139	136
139	150
139	204
139	264
139	294
139	345
139	387
139	391
139	395
139	441
139	496
140	2
140	159
140	402
140	473
141	80
141	104
141	445
142	28
142	314
142	322
142	335
142	347
143	28
143	42
143	251
143	293
143	347
144	198
144	264
144	463
145	8
145	18
145	430
145	433
146	192
146	248
146	411
147	5
147	24
147	120
147	308
147	331
147	338
147	383
148	200
148	231
148	442
149	229
149	283
149	360
150	42
150	139
150	244
150	294
150	459
151	117
151	243
151	262
151	310
152	18
152	31
152	51
152	386
152	394
152	429
153	11
153	55
153	125
153	161
153	238
153	243
153	281
153	310
153	336
153	368
153	478
153	500
154	120
154	124
154	177
154	452
155	81
155	214
155	482
156	2
156	47
156	57
156	81
156	112
156	218
156	254
156	297
156	324
156	350
156	392
157	92
157	158
157	199
157	445
157	470
158	78
158	80
158	116
158	157
158	210
158	242
158	284
158	375
158	390
158	397
158	445
158	446
158	476
159	104
159	107
159	140
159	256
159	270
159	286
159	304
159	337
159	372
159	396
159	399
159	400
159	402
159	413
159	422
159	452
159	474
159	477
159	495
159	498
160	18
160	27
160	52
160	61
160	112
160	284
160	475
161	39
161	153
161	302
161	398
162	62
162	120
162	433
162	438
163	197
163	219
163	257
163	288
163	464
163	483
164	54
164	384
164	411
164	436
164	471
165	33
165	45
165	118
166	34
166	267
166	298
167	98
167	216
167	261
167	341
167	406
168	306
168	371
168	390
168	445
169	37
169	93
169	120
169	135
169	186
169	211
169	327
169	471
170	8
170	54
170	171
170	250
170	257
170	385
170	393
170	396
170	440
170	484
171	170
171	383
171	447
172	75
172	300
172	492
173	230
173	372
173	446
173	468
174	91
174	98
174	213
174	276
174	327
174	338
174	480
175	277
175	424
175	444
176	87
176	132
176	366
177	12
177	89
177	120
177	154
178	255
178	282
178	302
178	424
179	372
179	390
179	476
180	75
180	114
180	377
180	421
180	431
181	46
181	285
181	376
181	456
182	39
182	298
182	356
182	398
182	453
183	5
183	86
183	421
184	6
184	101
184	384
184	385
184	396
184	411
184	447
184	484
185	6
185	70
185	408
185	411
185	420
186	34
186	169
186	325
187	25
187	65
187	300
187	421
188	69
188	264
188	294
189	75
189	264
189	294
189	459
190	49
190	388
190	455
190	472
191	8
191	408
191	411
192	100
192	146
192	197
192	200
192	248
192	249
192	257
192	340
192	362
192	424
192	491
193	18
193	244
193	424
193	450
193	481
193	485
194	72
194	75
194	225
194	239
194	334
194	443
195	92
195	221
195	322
196	81
196	112
196	366
197	163
197	192
197	491
198	144
198	207
198	377
199	19
199	40
199	80
199	157
199	234
199	372
199	390
199	397
200	74
200	148
200	192
200	257
200	397
201	107
201	131
201	254
201	256
201	473
202	52
202	252
202	322
202	346
202	347
203	48
203	103
203	122
203	255
203	276
203	280
203	282
203	389
203	497
204	139
204	243
204	264
205	57
205	58
205	112
206	132
206	224
206	324
206	366
206	383
206	453
207	75
207	198
207	225
207	299
207	399
207	421
207	443
207	451
207	457
207	459
208	65
208	99
208	331
208	373
208	388
209	29
209	107
209	226
209	256
209	277
209	344
209	360
209	400
209	452
210	80
210	123
210	132
210	134
210	158
210	242
210	372
210	390
210	407
210	446
210	476
210	484
210	489
210	492
211	8
211	54
211	67
211	169
211	411
211	428
212	21
212	119
212	489
213	93
213	101
213	129
213	130
213	174
213	327
214	127
214	155
214	254
215	8
215	138
215	385
215	393
216	167
216	293
216	387
217	42
217	264
217	345
218	81
218	156
218	261
218	349
218	392
219	100
219	163
219	231
219	257
219	356
219	401
219	491
220	22
220	34
220	44
220	105
220	130
220	229
220	298
220	318
220	333
220	439
220	491
221	195
221	222
221	234
221	299
221	302
221	315
221	323
221	352
221	452
222	221
222	256
222	398
223	1
223	90
223	283
224	50
224	206
224	283
224	467
225	34
225	49
225	106
225	194
225	207
225	258
225	299
225	334
226	209
226	264
226	402
227	300
227	377
227	411
228	42
228	59
228	264
229	90
229	113
229	118
229	149
229	220
229	263
229	301
229	395
229	467
230	116
230	173
230	372
230	384
230	407
231	54
231	148
231	219
231	401
231	450
231	483
231	491
232	39
232	103
232	356
232	454
233	261
233	357
233	408
234	56
234	199
234	221
234	255
234	453
235	36
235	244
235	312
235	342
235	429
236	75
236	257
236	287
236	292
236	300
236	409
236	418
237	76
237	242
237	305
237	494
238	68
238	124
238	153
238	328
239	2
239	23
239	47
239	58
239	59
239	62
239	79
239	112
239	194
239	254
239	297
239	392
240	111
240	289
240	293
241	117
241	271
241	344
241	456
241	500
242	65
242	77
242	158
242	210
242	237
242	372
242	390
242	397
242	470
243	151
243	153
243	204
243	269
243	310
243	313
243	332
243	404
243	405
243	458
243	478
244	150
244	193
244	235
244	289
244	348
244	424
244	429
244	430
244	433
244	440
245	39
245	123
245	398
245	432
246	14
246	256
246	413
246	452
247	39
247	138
247	255
247	400
248	146
248	192
248	257
248	464
249	90
249	118
249	192
249	283
249	437
250	78
250	170
250	393
251	111
251	143
251	346
251	347
251	408
251	469
252	202
252	322
252	387
253	393
253	448
253	500
254	2
254	23
254	59
254	79
254	156
254	201
254	214
254	239
254	349
254	437
255	48
255	178
255	203
255	234
255	247
255	321
255	322
255	323
255	352
255	398
255	493
256	7
256	24
256	104
256	131
256	159
256	201
256	209
256	222
256	246
256	286
256	291
256	298
256	360
256	399
256	402
256	434
256	482
257	69
257	74
257	163
257	170
257	192
257	200
257	219
257	236
257	248
257	302
257	401
257	464
258	19
258	225
258	418
258	449
259	30
259	375
259	443
260	14
260	75
260	413
260	455
261	97
261	108
261	167
261	218
261	233
261	278
261	288
261	293
261	314
261	334
261	341
261	365
261	405
261	468
262	78
262	151
262	481
263	118
263	229
263	301
264	1
264	38
264	42
264	136
264	139
264	144
264	188
264	189
264	204
264	217
264	226
264	228
264	294
264	300
264	301
264	345
264	390
264	391
264	441
264	459
265	126
265	301
265	309
266	301
266	343
266	398
267	3
267	30
267	82
267	166
267	439
268	48
268	93
268	382
268	432
269	5
269	11
269	41
269	55
269	89
269	125
269	243
269	310
269	424
269	452
269	454
269	456
269	458
269	478
270	39
270	159
270	413
271	241
271	281
271	386
271	412
272	301
272	393
272	395
273	30
273	34
273	82
273	83
273	398
274	38
274	402
274	413
275	382
275	398
275	417
275	432
276	174
276	203
276	323
276	351
277	29
277	175
277	209
278	34
278	111
278	261
278	303
278	408
278	428
279	129
279	354
279	409
280	138
280	203
280	432
281	153
281	271
281	456
282	178
282	203
282	465
283	50
283	90
283	149
283	223
283	224
283	249
283	301
283	393
283	437
283	445
284	18
284	158
284	160
284	326
284	430
285	89
285	181
285	310
285	418
285	500
286	32
286	159
286	256
286	390
286	402
286	413
286	452
287	236
287	300
287	372
287	457
288	30
288	163
288	261
288	322
288	347
288	387
288	408
289	240
289	244
289	424
290	28
290	327
290	381
290	389
290	408
290	412
291	33
291	256
291	402
292	81
292	236
292	300
292	421
293	16
293	76
293	143
293	216
293	240
293	261
293	304
293	318
293	321
293	322
293	347
293	351
293	380
293	387
294	38
294	42
294	107
294	116
294	120
294	139
294	150
294	188
294	189
294	264
294	369
294	391
294	459
294	496
295	132
295	324
295	366
295	383
295	387
295	494
296	17
296	62
296	471
297	156
297	239
297	310
298	30
298	34
298	82
298	105
298	166
298	182
298	220
298	256
298	318
298	333
298	353
298	363
298	415
298	439
299	49
299	75
299	99
299	207
299	221
299	225
299	300
299	342
299	375
299	377
299	449
300	64
300	66
300	172
300	187
300	227
300	236
300	264
300	287
300	292
300	299
300	353
300	403
300	431
301	45
301	82
301	118
301	229
301	263
301	264
301	265
301	266
301	272
301	283
301	339
301	384
301	395
301	419
301	437
301	467
301	486
302	26
302	48
302	51
302	56
302	90
302	92
302	103
302	138
302	161
302	178
302	221
302	257
302	315
302	338
302	356
302	382
302	398
302	432
302	465
302	498
303	19
303	126
303	278
303	469
304	159
304	293
304	322
304	469
305	132
305	237
305	366
305	383
305	458
305	479
305	494
306	80
306	168
306	445
306	464
306	476
307	315
307	358
307	498
308	24
308	46
308	93
308	147
309	118
309	265
309	437
310	114
310	151
310	153
310	243
310	269
310	285
310	297
310	313
310	335
310	412
310	426
310	478
311	365
311	381
311	389
311	425
311	452
312	42
312	50
312	118
312	126
312	235
312	343
313	46
313	75
313	243
313	310
313	316
313	463
314	142
314	261
314	408
315	48
315	92
315	221
315	302
315	307
315	416
315	453
316	313
316	376
316	463
317	45
317	54
317	113
317	393
318	30
318	34
318	40
318	83
318	220
318	293
318	298
319	103
319	323
319	477
320	19
320	66
320	108
321	28
321	111
321	255
321	293
321	322
321	347
321	406
321	426
322	19
322	142
322	195
322	202
322	252
322	255
322	288
322	293
322	304
322	321
322	347
322	365
322	406
322	468
323	221
323	255
323	276
323	319
323	329
323	370
324	43
324	94
324	121
324	132
324	156
324	206
324	295
324	383
324	460
324	479
325	186
325	352
325	480
326	51
326	284
326	481
327	5
327	17
327	24
327	45
327	62
327	63
327	101
327	129
327	169
327	174
327	213
327	290
327	414
327	438
328	120
328	238
328	354
329	39
329	103
329	323
329	382
330	48
330	398
330	423
330	425
331	24
331	135
331	147
331	208
331	338
332	243
332	463
332	466
332	479
333	30
333	84
333	220
333	298
333	359
333	363
334	25
334	49
334	75
334	194
334	225
334	261
334	449
335	8
335	70
335	142
335	310
335	385
335	396
335	427
335	484
336	44
336	153
336	404
336	466
336	478
337	159
337	377
337	402
337	452
338	147
338	174
338	302
338	331
338	438
339	5
339	101
339	301
339	355
339	438
339	461
340	68
340	69
340	192
341	71
341	111
341	167
341	261
341	381
342	78
342	133
342	235
342	299
343	111
343	118
343	266
343	312
343	437
344	21
344	209
344	241
344	402
345	139
345	217
345	264
345	360
345	459
346	202
346	251
346	408
347	16
347	73
347	103
347	108
347	111
347	142
347	143
347	202
347	251
347	288
347	293
347	321
347	322
347	379
347	403
347	428
347	438
347	447
347	469
347	490
348	244
348	372
348	476
349	59
349	218
349	254
350	93
350	101
350	156
350	414
350	471
351	276
351	293
351	382
351	493
352	48
352	103
352	221
352	255
352	325
352	398
353	65
353	298
353	300
353	409
353	487
354	101
354	279
354	328
355	37
355	91
355	120
355	339
355	383
355	414
356	138
356	182
356	219
356	232
356	302
357	66
357	111
357	233
357	428
357	478
358	307
358	398
358	429
359	34
359	82
359	333
359	363
360	10
360	33
360	107
360	131
360	149
360	209
360	256
360	345
360	399
360	402
360	413
360	434
360	452
360	491
361	132
361	383
361	429
361	479
361	494
362	91
362	135
362	192
363	22
363	30
363	34
363	73
363	82
363	83
363	105
363	298
363	333
363	359
363	470
364	30
364	80
364	82
365	49
365	108
365	261
365	311
365	322
365	425
365	483
366	132
366	176
366	196
366	206
366	295
366	305
366	383
367	41
367	426
367	478
368	86
368	153
368	404
369	294
369	391
369	459
370	14
370	323
370	451
370	461
371	20
371	132
371	168
371	372
372	28
372	54
372	80
372	134
372	159
372	173
372	179
372	199
372	210
372	230
372	242
372	287
372	348
372	371
372	445
372	446
372	492
373	137
373	208
373	403
374	55
374	125
374	478
375	158
375	259
375	299
376	46
376	87
376	128
376	181
376	316
376	410
376	412
376	426
376	466
376	478
377	33
377	180
377	198
377	227
377	299
377	337
378	30
378	83
378	474
379	66
379	136
379	347
380	28
380	111
380	293
381	111
381	118
381	290
381	311
381	341
381	387
381	490
382	46
382	107
382	268
382	275
382	302
382	329
382	351
383	53
383	76
383	94
383	132
383	137
383	147
383	171
383	206
383	295
383	305
383	324
383	355
383	361
383	366
383	460
383	469
383	479
383	494
384	6
384	54
384	164
384	184
384	230
384	301
384	484
385	8
385	54
385	111
385	170
385	184
385	215
385	335
385	393
385	435
385	447
386	60
386	152
386	271
387	108
387	139
387	216
387	252
387	288
387	293
387	295
387	381
387	408
388	49
388	190
388	208
389	28
389	66
389	203
389	290
389	311
390	60
390	80
390	108
390	110
390	116
390	158
390	168
390	179
390	199
390	210
390	242
390	264
390	286
390	397
390	476
391	42
391	139
391	264
391	294
391	369
391	410
391	496
391	499
392	81
392	156
392	218
392	239
392	456
393	84
393	95
393	170
393	215
393	250
393	253
393	272
393	283
393	317
393	385
393	411
393	447
394	152
394	435
394	460
394	497
395	45
395	48
395	50
395	90
395	118
395	139
395	229
395	272
395	301
395	419
395	437
395	486
396	8
396	54
396	70
396	84
396	113
396	159
396	170
396	184
396	335
396	423
397	13
397	20
397	59
397	77
397	110
397	134
397	158
397	199
397	200
397	242
397	390
397	407
397	460
398	3
398	8
398	96
398	103
398	135
398	161
398	182
398	222
398	245
398	255
398	266
398	273
398	275
398	302
398	330
398	352
398	358
398	417
398	453
398	462
399	159
399	207
399	256
399	360
399	482
399	494
400	159
400	209
400	247
401	219
401	231
401	257
401	443
402	10
402	21
402	28
402	140
402	159
402	226
402	256
402	274
402	286
402	291
402	337
402	344
402	360
402	407
402	413
402	434
402	452
402	472
402	474
403	300
403	347
403	373
403	461
404	55
404	243
404	336
404	368
404	438
404	456
405	243
405	261
405	425
406	167
406	321
406	322
406	481
407	210
407	230
407	397
407	402
408	28
408	185
408	191
408	233
408	251
408	278
408	288
408	290
408	314
408	346
408	387
408	428
408	469
409	236
409	279
409	353
410	42
410	376
410	391
411	8
411	54
411	146
411	164
411	184
411	185
411	191
411	211
411	227
411	393
411	427
411	436
411	448
411	479
411	484
412	11
412	271
412	290
412	310
412	376
412	478
413	107
413	109
413	119
413	159
413	246
413	260
413	270
413	274
413	286
413	360
413	402
413	445
413	452
413	477
413	480
413	482
414	327
414	350
414	355
415	34
415	83
415	298
416	7
416	107
416	315
417	122
417	275
417	398
418	236
418	258
418	285
418	431
418	461
419	101
419	301
419	395
419	437
420	54
420	185
420	447
421	180
421	183
421	187
421	207
421	292
422	11
422	159
422	452
423	48
423	330
423	396
424	18
424	29
424	72
424	175
424	178
424	192
424	193
424	244
424	269
424	289
424	429
424	435
424	485
424	497
425	311
425	330
425	365
425	405
425	428
426	310
426	321
426	367
426	376
426	478
427	5
427	54
427	335
427	411
427	484
428	211
428	278
428	347
428	357
428	408
428	425
429	18
429	51
429	52
429	152
429	235
429	244
429	358
429	361
429	424
430	132
430	145
430	244
430	284
431	37
431	49
431	118
431	180
431	300
431	418
431	455
432	48
432	61
432	90
432	103
432	120
432	122
432	245
432	268
432	275
432	280
432	302
432	465
432	499
433	29
433	145
433	162
433	244
433	440
434	106
434	256
434	360
434	402
434	473
435	78
435	385
435	394
435	424
435	481
436	8
436	164
436	411
437	69
437	118
437	249
437	254
437	283
437	301
437	309
437	343
437	395
437	419
438	86
438	91
438	101
438	102
438	120
438	124
438	162
438	327
438	338
438	339
438	347
438	404
438	471
438	480
439	30
439	220
439	267
439	298
440	31
440	78
440	170
440	244
440	433
440	494
441	139
441	264
441	459
442	5
442	62
442	93
442	101
442	120
442	148
443	99
443	194
443	207
443	259
443	401
444	5
444	54
444	63
444	98
444	129
444	135
444	175
444	480
445	13
445	141
445	157
445	158
445	168
445	283
445	306
445	372
445	413
446	30
446	77
446	107
446	134
446	158
446	173
446	210
446	372
447	5
447	67
447	171
447	184
447	347
447	385
447	393
447	420
447	448
447	484
448	55
448	253
448	411
448	447
449	258
449	299
449	334
449	457
450	193
450	231
450	483
450	491
451	49
451	53
451	75
451	207
451	370
451	472
452	104
452	107
452	154
452	159
452	209
452	221
452	246
452	269
452	286
452	311
452	337
452	360
452	402
452	413
452	422
452	474
452	477
452	482
452	489
452	495
453	182
453	206
453	234
453	315
453	398
454	121
454	232
454	269
454	478
455	64
455	190
455	260
455	431
456	11
456	87
456	181
456	241
456	269
456	281
456	392
456	404
457	207
457	287
457	449
458	121
458	243
458	269
458	305
458	478
459	42
459	58
459	150
459	189
459	207
459	264
459	294
459	345
459	369
459	441
460	127
460	132
460	324
460	383
460	394
460	397
460	494
461	49
461	75
461	339
461	370
461	403
461	418
461	472
462	398
462	484
462	493
463	46
463	144
463	313
463	316
463	332
464	69
464	163
464	248
464	257
464	306
465	282
465	302
465	432
466	332
466	336
466	376
467	224
467	229
467	301
468	19
468	173
468	261
468	322
469	251
469	303
469	304
469	347
469	383
469	408
470	80
470	157
470	242
470	363
471	21
471	68
471	124
471	164
471	169
471	296
471	350
471	438
471	480
472	190
472	402
472	451
472	461
473	10
473	21
473	104
473	140
473	201
473	434
473	480
474	159
474	378
474	402
474	452
475	6
475	36
475	160
476	34
476	35
476	40
476	134
476	158
476	179
476	210
476	306
476	348
476	390
477	159
477	319
477	413
477	452
478	18
478	46
478	114
478	118
478	153
478	243
478	269
478	310
478	336
478	357
478	367
478	374
478	376
478	412
478	426
478	454
478	458
479	132
479	305
479	324
479	332
479	361
479	383
479	411
479	494
480	12
480	62
480	101
480	128
480	174
480	325
480	413
480	438
480	444
480	471
480	473
481	66
481	193
481	262
481	326
481	406
481	435
482	103
482	104
482	107
482	155
482	256
482	399
482	413
482	452
483	69
483	163
483	231
483	365
483	450
484	113
484	170
484	184
484	210
484	335
484	384
484	411
484	427
484	447
484	462
485	27
485	29
485	50
485	52
485	61
485	85
485	193
485	424
486	45
486	301
486	395
487	4
487	64
487	75
487	353
488	8
488	54
488	102
489	210
489	212
489	452
490	120
490	347
490	381
491	85
491	100
491	192
491	197
491	219
491	220
491	231
491	360
491	450
492	172
492	210
492	372
493	255
493	351
493	462
494	43
494	47
494	76
494	88
494	127
494	132
494	237
494	295
494	305
494	361
494	383
494	399
494	440
494	460
494	479
495	7
495	107
495	117
495	159
495	452
496	139
496	294
496	391
497	29
497	78
497	203
497	394
497	424
498	159
498	302
498	307
499	26
499	391
499	432
500	153
500	241
500	253
500	285
