1	557
1	638
1	773
2	108
2	380
2	395
2	427
2	465
2	487
2	565
2	599
2	630
2	800
2	881
3	161
3	267
3	763
4	349
4	756
5	63
5	269
5	381
6	47
6	677
6	803
7	215
7	267
7	425
8	31
8	243
8	381
8	666
8	744
8	760
8	931
8	969
9	637
9	727
10	87
10	390
10	580
11	21
11	69
11	87
11	110
11	163
11	215
11	238
11	293
11	336
11	398
11	413
11	425
11	431
11	535
11	541
11	553
11	559
11	622
11	623
11	631
11	635
11	672
11	710
11	729
11	739
11	746
11	791
11	866
11	873
11	903
11	979
12	35
12	117
12	185
12	231
12	323
12	368
12	406
12	495
12	499
12	677
12	786
12	803
12	815
12	964
12	978
12	986
13	515
13	599
13	776
14	334
14	459
14	484
14	699
14	898
15	856
15	971
16	334
16	459
16	995
17	148
17	159
17	251
17	480
17	605
18	88
18	120
18	971
19	186
19	631
19	823
20	87
20	390
21	11
21	69
21	215
21	336
21	425
21	580
21	623
22	406
22	656
23	465
23	994
24	355
24	884
25	144
25	971
26	535
26	773
27	353
27	851
28	157
28	193
28	377
28	408
28	427
28	498
28	566
28	585
28	649
28	727
29	116
29	211
29	333
29	348
29	441
29	700
29	796
30	261
30	573
30	634
31	8
31	59
31	63
31	381
31	584
31	666
31	671
31	692
31	810
32	219
32	498
33	54
33	458
34	528
34	557
34	638
34	773
34	947
35	12
35	42
35	47
35	80
35	292
35	340
35	368
35	393
35	488
35	528
35	677
35	718
35	751
35	803
35	815
35	954
35	964
36	169
36	448
36	528
36	557
36	638
37	448
37	557
37	638
37	773
38	57
38	898
39	99
39	456
39	488
39	591
39	611
39	638
39	660
39	940
40	125
40	200
40	207
40	461
40	660
40	972
41	71
41	662
41	670
41	764
41	766
41	861
41	973
42	35
42	116
42	152
42	161
42	242
42	267
42	283
42	294
42	310
42	362
42	374
42	382
42	599
42	607
42	658
42	755
42	763
42	803
42	913
42	965
42	977
42	983
42	994
43	210
43	263
43	436
43	853
44	166
44	576
44	615
44	854
45	54
45	157
45	353
45	817
46	64
46	89
46	96
46	129
46	130
46	135
46	160
46	195
46	197
46	224
46	260
46	284
46	307
46	317
46	325
46	331
46	370
46	384
46	399
46	418
46	441
46	460
46	469
46	472
46	486
46	557
46	571
46	590
46	604
46	676
46	776
46	802
46	808
46	887
46	936
47	6
47	35
47	117
47	393
47	662
47	677
47	797
47	815
47	910
47	911
47	954
47	964
48	282
48	994
49	688
49	773
50	450
50	991
51	286
51	465
52	528
52	773
53	549
53	608
54	33
54	45
54	239
54	305
54	353
54	459
54	487
54	780
54	851
54	894
54	950
55	649
55	917
56	654
56	849
57	38
57	265
57	279
57	337
57	341
57	832
58	61
58	106
58	264
58	275
58	312
58	443
58	503
58	524
58	756
58	949
58	959
58	984
59	31
59	381
60	222
60	898
60	901
61	58
61	93
61	336
61	503
61	949
61	984
62	85
62	750
63	5
63	31
63	269
63	329
63	381
63	502
63	528
63	666
64	46
64	146
64	472
64	802
65	223
65	993
66	143
66	214
66	281
66	503
66	604
66	949
67	193
67	654
68	193
68	397
68	437
68	551
69	11
69	21
69	215
69	336
69	425
69	522
69	615
69	729
69	740
70	538
70	993
71	41
71	210
71	291
71	301
71	508
71	528
71	656
71	708
71	793
71	890
71	895
71	898
72	350
72	401
73	85
73	750
74	141
74	599
75	706
75	831
75	980
76	236
76	983
77	261
77	356
78	231
78	722
78	815
78	964
79	87
79	390
79	608
80	35
80	971
81	87
81	431
81	608
81	810
82	615
82	834
83	282
83	286
83	334
83	415
83	465
83	574
83	622
83	994
84	196
84	961
85	62
85	73
85	201
85	213
85	328
85	621
85	658
85	662
85	733
85	750
85	809
86	124
86	296
86	926
86	997
87	10
87	11
87	20
87	79
87	81
87	111
87	150
87	193
87	209
87	216
87	231
87	244
87	260
87	376
87	388
87	390
87	417
87	426
87	431
87	452
87	491
87	514
87	539
87	573
87	580
87	596
87	608
87	643
87	749
87	763
87	769
87	784
87	810
87	867
87	871
87	917
87	922
87	928
87	946
88	18
88	173
88	180
88	676
89	46
89	135
89	260
89	418
89	472
89	802
89	883
90	465
90	622
90	994
91	186
91	198
91	226
91	489
91	631
92	326
92	550
92	637
92	727
92	888
93	61
93	949
94	390
94	827
95	448
95	528
95	557
95	638
96	46
96	926
97	750
97	928
98	372
98	476
98	928
99	39
99	234
99	298
99	844
100	120
100	190
100	282
100	465
100	622
100	942
100	994
101	206
101	459
102	386
102	898
103	377
103	727
104	535
104	584
104	906
105	116
105	268
105	285
105	796
106	58
106	949
107	557
107	638
107	773
108	2
108	519
108	599
109	436
109	514
109	898
110	11
110	336
110	425
111	87
111	390
111	580
111	608
112	175
112	425
113	158
113	853
114	622
114	994
115	138
115	141
115	253
115	261
115	298
115	431
115	504
115	604
115	615
115	834
115	854
115	898
116	29
116	42
116	105
116	175
116	211
116	213
116	240
116	300
116	318
116	333
116	379
116	439
116	465
116	527
116	796
116	834
117	12
117	47
117	168
117	393
117	718
117	773
117	815
118	422
118	615
118	841
119	124
119	240
119	272
119	296
119	334
119	375
119	391
119	429
119	525
119	533
119	710
119	720
119	768
119	837
119	857
119	864
119	926
119	997
120	18
120	100
120	174
120	282
120	286
120	386
120	415
120	463
120	465
120	622
120	904
120	926
120	994
121	167
121	193
122	465
122	994
123	381
123	714
124	86
124	119
124	296
124	375
124	472
124	492
124	525
124	533
124	728
124	837
124	926
124	997
125	40
125	406
125	887
126	319
126	898
127	572
127	786
127	792
127	797
127	898
128	210
128	782
128	853
129	46
129	472
130	46
130	284
130	441
130	472
130	705
130	777
131	356
131	862
132	282
132	465
132	584
132	622
132	994
133	599
133	692
134	584
134	660
135	46
135	89
135	284
135	425
135	441
135	472
135	604
135	971
136	436
136	898
137	964
137	971
137	993
138	115
138	261
139	381
139	666
139	714
139	814
140	261
140	615
141	74
141	115
141	261
141	267
141	303
141	363
141	371
141	600
141	615
141	634
141	834
141	854
141	967
142	406
142	626
143	66
143	275
143	503
144	25
144	528
145	266
145	436
145	898
146	64
146	159
146	251
146	350
146	605
146	688
146	717
147	202
147	591
148	17
148	350
148	717
149	402
149	927
150	87
150	588
151	263
151	274
151	778
152	42
152	267
153	190
153	226
153	527
153	631
153	835
154	308
154	587
154	993
155	615
155	848
156	528
156	773
157	28
157	45
158	113
158	708
159	17
159	146
159	236
159	241
159	688
159	717
159	927
160	46
160	264
160	284
160	441
160	472
160	571
160	676
161	3
161	42
161	193
161	242
161	267
161	294
161	310
161	536
161	578
161	607
161	763
161	773
161	983
162	341
162	535
163	11
163	623
164	750
164	919
165	241
165	717
166	44
166	176
166	261
166	615
166	852
167	121
167	193
167	315
168	117
168	172
168	179
168	267
168	337
168	355
168	465
168	471
168	505
168	575
168	658
168	710
168	713
168	738
168	753
168	771
168	877
168	884
168	974
168	991
169	36
169	344
169	407
169	447
169	448
169	522
169	528
169	557
169	622
169	638
169	652
169	773
170	193
170	317
171	436
171	664
171	898
172	168
172	355
172	991
173	88
173	971
174	120
174	465
174	545
174	622
174	994
175	112
175	116
175	193
175	333
176	166
176	357
176	615
176	834
177	599
177	751
177	794
178	516
178	519
178	599
178	860
178	902
179	168
179	471
180	88
180	200
180	297
180	380
180	625
180	645
180	844
180	971
180	993
181	193
181	631
181	678
182	465
182	994
183	243
183	666
184	732
184	767
185	12
185	248
185	499
185	638
185	677
185	882
186	19
186	91
186	198
186	399
186	454
186	518
186	527
186	631
186	678
186	737
186	923
186	956
187	213
187	717
188	350
188	971
189	209
189	894
190	100
190	153
190	226
190	518
190	540
190	631
190	923
191	509
191	847
191	873
192	450
192	482
192	608
193	28
193	67
193	68
193	87
193	121
193	161
193	167
193	170
193	175
193	181
193	221
193	315
193	317
193	343
193	351
193	354
193	361
193	397
193	412
193	445
193	462
193	467
193	483
193	489
193	497
193	551
193	628
193	641
193	646
193	649
193	655
193	663
193	695
193	701
193	730
193	747
193	799
193	829
193	843
193	874
193	887
193	907
193	949
193	978
193	987
193	992
193	998
193	999
194	200
194	584
195	46
195	441
195	472
196	84
196	231
196	512
196	803
196	910
196	978
197	46
197	472
197	479
197	802
198	91
198	186
198	535
198	631
199	465
199	622
199	994
200	40
200	180
200	194
200	396
200	535
200	584
200	660
200	698
200	739
200	972
201	85
201	328
201	662
202	147
202	234
203	448
203	557
203	773
204	371
204	475
204	615
204	739
205	298
205	591
206	101
206	419
206	458
206	585
206	719
207	40
207	535
207	584
207	698
208	406
208	528
208	894
209	87
209	189
209	306
209	464
209	477
209	549
209	758
209	847
210	43
210	71
210	128
210	290
210	637
210	639
210	764
210	778
210	853
210	895
210	909
210	923
210	968
211	29
211	116
211	796
212	336
212	425
213	85
213	116
213	187
213	240
213	348
213	370
213	379
213	520
213	614
213	796
214	66
214	436
214	797
215	7
215	11
215	21
215	69
215	238
215	336
215	359
215	406
215	425
215	458
215	511
215	559
215	710
215	730
215	739
215	866
215	887
216	87
216	390
216	431
216	491
216	573
216	580
216	608
216	657
216	689
216	810
216	867
216	872
217	503
217	949
218	281
218	503
219	32
219	576
220	622
220	994
221	193
221	628
221	999
222	60
222	436
222	792
223	65
223	971
224	46
224	472
224	802
225	503
225	544
226	91
226	153
226	190
226	454
226	511
226	527
226	631
226	650
226	682
226	923
226	938
227	359
227	599
227	801
228	245
228	580
228	617
229	573
229	833
229	870
230	390
230	468
230	484
231	12
231	78
231	87
231	196
231	393
231	718
231	911
232	535
232	584
232	698
233	285
233	338
233	369
233	406
233	535
233	554
233	609
233	622
233	753
233	887
233	894
233	933
234	99
234	202
234	296
234	298
234	741
234	771
234	940
235	465
235	994
236	76
236	159
236	350
236	453
236	656
236	717
237	334
237	459
237	721
237	759
238	11
238	215
239	54
239	243
239	258
239	353
239	378
239	606
239	780
239	790
239	817
239	851
239	975
240	116
240	119
240	213
240	322
240	379
240	614
240	796
240	830
241	159
241	165
242	42
242	161
242	267
242	763
242	983
243	8
243	183
243	239
243	381
244	87
244	431
244	608
245	228
245	658
246	336
246	425
247	472
247	519
247	599
247	702
248	185
248	882
249	290
249	656
250	557
250	773
251	17
251	146
251	350
251	453
252	971
252	983
253	115
253	890
254	732
254	912
255	528
255	557
255	773
256	285
256	406
256	580
256	887
256	894
257	919
257	941
257	991
258	239
258	490
258	690
258	785
259	325
259	448
259	528
259	638
259	773
260	46
260	87
260	89
260	284
260	472
260	604
260	679
260	770
261	30
261	77
261	115
261	138
261	140
261	141
261	166
261	286
261	363
261	371
261	422
261	474
261	475
261	584
261	600
261	615
261	683
261	736
261	796
261	834
261	854
261	926
262	588
262	638
263	43
263	151
263	778
264	58
264	160
264	503
265	57
265	658
266	145
266	334
266	468
266	811
266	995
267	3
267	7
267	42
267	141
267	152
267	161
267	168
267	242
267	283
267	294
267	310
267	362
267	374
267	588
267	607
267	659
267	680
267	763
267	816
267	817
267	824
267	869
267	880
267	913
267	965
267	983
268	105
268	796
269	5
269	63
269	381
269	615
270	503
270	947
271	333
271	416
271	458
271	745
271	961
272	119
272	296
272	997
273	638
273	773
274	151
274	615
274	834
275	58
275	143
275	503
275	715
276	606
276	759
276	868
277	317
277	655
278	465
278	813
279	57
279	355
279	608
280	450
280	535
280	658
281	66
281	218
281	308
281	947
281	970
282	48
282	83
282	100
282	120
282	132
282	286
282	360
282	371
282	405
282	415
282	441
282	463
282	465
282	622
282	702
282	726
282	820
282	904
282	994
283	42
283	267
283	983
284	46
284	130
284	135
284	160
284	260
284	312
284	390
284	399
284	441
284	460
284	472
284	583
284	778
284	802
285	105
285	233
285	256
285	369
285	406
285	446
285	482
285	500
285	506
285	552
285	731
285	777
285	780
285	887
285	894
286	51
286	83
286	120
286	261
286	282
286	381
286	415
286	463
286	465
286	622
286	904
286	994
286	997
287	436
287	480
287	660
287	898
288	447
288	528
288	557
288	608
288	622
288	638
288	773
289	557
289	773
290	210
290	249
290	300
290	642
290	778
290	782
290	853
290	890
291	71
291	778
292	35
292	718
293	11
293	425
293	655
294	42
294	161
294	267
295	546
295	599
295	630
295	802
296	86
296	119
296	124
296	234
296	272
296	375
296	390
296	391
296	429
296	468
296	484
296	525
296	533
296	605
296	631
296	720
296	768
296	779
296	857
296	864
296	876
296	889
296	926
296	997
297	180
297	459
297	478
297	971
298	99
298	115
298	205
298	234
298	591
298	852
298	940
299	420
299	515
300	116
300	290
301	71
301	778
301	924
302	381
302	709
303	141
303	562
304	599
304	840
305	54
305	369
306	209
306	472
307	46
307	898
308	154
308	281
308	775
308	993
309	584
309	897
310	42
310	161
310	267
310	983
311	328
311	389
311	458
311	608
311	750
311	919
312	58
312	284
313	572
313	898
314	355
314	510
315	167
315	193
315	575
315	807
315	829
315	874
316	436
316	898
317	46
317	170
317	193
317	277
317	361
317	409
317	424
317	445
317	695
317	747
317	799
317	843
317	907
318	116
318	507
318	690
319	126
319	712
319	898
320	378
320	465
320	622
320	994
321	350
321	717
322	240
322	381
323	12
323	974
324	795
324	929
325	46
325	259
326	92
326	825
327	357
327	363
327	408
327	422
327	448
327	562
327	615
327	683
327	834
327	914
328	85
328	201
328	311
328	385
328	389
328	441
328	621
328	638
328	662
328	685
328	711
328	733
328	750
328	761
328	802
328	835
328	846
328	919
328	934
329	63
329	785
330	425
330	791
331	46
331	472
332	898
332	901
332	1000
333	29
333	116
333	175
333	271
333	520
334	14
334	16
334	83
334	119
334	237
334	266
334	403
334	416
334	547
334	568
334	699
334	805
334	898
334	953
335	436
335	898
335	901
336	11
336	21
336	61
336	69
336	110
336	212
336	215
336	246
336	401
336	425
336	511
336	623
336	636
336	710
336	719
336	729
336	739
336	740
336	746
336	749
336	766
336	791
336	918
336	983
337	57
337	168
338	233
338	406
339	448
339	528
339	557
340	35
340	476
341	57
341	162
341	366
341	753
342	431
342	608
343	193
343	397
344	169
344	557
344	773
345	356
345	780
345	950
346	436
346	707
346	898
347	619
347	877
348	29
348	213
348	379
348	434
349	4
349	732
349	792
350	72
350	146
350	148
350	188
350	236
350	251
350	321
350	584
350	717
351	193
351	381
352	448
352	528
352	557
353	27
353	45
353	54
353	239
353	356
353	388
353	477
353	606
353	704
353	759
353	780
353	817
353	851
353	853
353	862
353	950
353	969
354	193
354	361
355	24
355	168
355	172
355	279
355	314
355	431
355	450
355	592
355	617
355	619
355	658
355	760
355	761
355	771
355	780
355	991
356	77
356	131
356	345
356	353
356	780
356	851
356	982
357	176
357	327
357	450
357	504
357	560
357	615
357	736
357	818
358	580
358	608
359	215
359	227
360	282
360	465
361	193
361	317
361	354
361	713
361	907
362	42
362	267
363	141
363	261
363	327
363	448
363	615
363	747
363	967
364	792
364	898
365	446
365	528
365	557
365	773
366	341
366	450
366	570
366	575
366	579
366	713
366	760
366	974
367	631
367	823
368	12
368	35
369	233
369	285
369	305
369	406
369	410
369	493
369	894
369	966
370	46
370	213
370	796
371	141
371	204
371	261
371	282
371	615
371	650
371	834
371	874
372	98
372	383
372	524
372	654
372	849
372	899
372	928
372	971
373	454
373	591
374	42
374	267
375	119
375	124
375	296
375	997
376	87
376	573
376	580
376	791
377	28
377	103
377	637
377	668
377	727
378	239
378	320
378	851
378	868
379	116
379	213
379	240
379	348
379	520
379	796
379	892
380	2
380	180
380	599
381	5
381	8
381	31
381	59
381	63
381	123
381	139
381	243
381	269
381	286
381	302
381	322
381	351
381	438
381	502
381	555
381	596
381	622
381	666
381	671
381	684
381	692
381	714
381	744
381	822
381	928
381	985
382	42
382	983
383	372
383	466
383	622
383	654
383	826
383	899
384	46
384	615
384	665
385	328
385	662
385	750
385	846
386	102
386	120
386	436
386	472
386	797
386	898
386	905
387	436
387	898
388	87
388	353
388	390
388	431
388	608
388	810
389	311
389	328
389	750
390	10
390	20
390	79
390	87
390	94
390	111
390	216
390	230
390	284
390	296
390	388
390	431
390	491
390	514
390	534
390	539
390	573
390	580
390	596
390	608
390	621
390	727
390	739
390	749
390	769
390	810
390	871
390	878
390	898
390	917
390	922
390	935
390	994
391	119
391	296
391	926
391	997
392	638
392	773
393	35
393	47
393	117
393	231
393	934
394	573
394	898
395	2
395	412
395	794
396	200
396	535
396	584
396	660
396	973
397	68
397	193
397	343
397	992
398	11
398	623
399	46
399	186
399	284
399	441
399	472
399	604
399	770
399	800
399	802
399	855
400	599
400	726
401	72
401	336
401	717
402	149
402	468
402	694
402	981
403	334
403	811
404	576
404	640
405	282
405	524
405	626
405	826
406	12
406	22
406	125
406	142
406	208
406	215
406	233
406	256
406	285
406	338
406	369
406	410
406	411
406	446
406	457
406	500
406	546
406	552
406	554
406	581
406	586
406	609
406	622
406	623
406	648
406	651
406	686
406	693
406	703
406	712
406	731
406	773
406	777
406	828
406	839
406	863
406	887
406	894
406	933
406	936
406	948
406	951
406	966
406	994
407	169
407	447
407	773
408	28
408	327
408	576
408	942
409	317
409	631
410	369
410	406
411	406
411	894
412	193
412	395
413	11
413	651
413	739
414	645
414	792
414	971
415	83
415	120
415	282
415	286
415	463
415	465
415	505
415	622
415	767
415	804
415	871
415	994
416	271
416	334
416	568
416	613
416	721
416	737
416	909
417	87
417	431
418	46
418	89
418	472
418	717
418	802
419	206
419	613
420	299
420	615
421	631
421	753
422	118
422	261
422	327
422	425
423	465
423	994
424	317
424	582
425	7
425	11
425	21
425	69
425	110
425	112
425	135
425	212
425	215
425	246
425	293
425	330
425	336
425	422
425	463
425	506
425	541
425	553
425	559
425	563
425	596
425	615
425	635
425	636
425	672
425	710
425	729
425	739
425	752
425	791
425	859
425	866
425	870
425	898
425	918
425	945
425	960
426	87
426	580
427	2
427	28
427	576
427	649
428	437
428	767
428	886
429	119
429	296
430	547
430	717
431	11
431	81
431	87
431	115
431	216
431	244
431	342
431	355
431	388
431	390
431	417
431	452
431	491
431	514
431	535
431	573
431	580
431	596
431	608
431	649
431	657
431	762
431	769
431	781
431	810
431	867
431	871
431	886
431	894
431	896
431	935
431	939
432	528
432	773
433	593
433	851
434	348
434	528
434	557
434	638
434	773
435	436
435	898
436	43
436	109
436	136
436	145
436	171
436	214
436	222
436	287
436	316
436	335
436	346
436	386
436	387
436	435
436	444
436	480
436	572
436	594
436	595
436	644
436	673
436	707
436	718
436	770
436	792
436	830
436	847
436	888
436	894
436	898
436	901
436	905
436	915
436	949
437	68
437	428
437	732
437	886
438	381
438	763
439	116
439	790
439	796
440	448
440	773
441	29
441	46
441	130
441	135
441	160
441	195
441	282
441	284
441	328
441	399
441	472
441	486
441	604
441	676
441	802
441	855
441	862
442	528
442	557
443	58
443	959
444	436
444	451
444	594
444	898
445	193
445	317
445	882
446	285
446	365
446	406
446	534
446	887
446	894
447	169
447	288
447	407
447	448
447	528
447	557
447	572
447	587
447	598
447	638
447	773
447	855
448	36
448	37
448	95
448	169
448	203
448	259
448	327
448	339
448	352
448	363
448	440
448	447
448	521
448	528
448	557
448	564
448	638
448	773
448	968
449	724
449	727
449	831
450	50
450	192
450	280
450	355
450	357
450	366
450	472
450	592
450	658
450	760
450	771
450	991
451	444
451	667
451	772
451	897
451	928
452	87
452	431
452	608
452	783
452	810
453	236
453	251
453	605
453	851
454	186
454	226
454	373
454	631
454	923
455	488
455	611
456	39
456	717
457	406
457	894
458	33
458	206
458	215
458	271
458	311
458	459
458	468
458	509
458	543
458	613
458	719
458	737
458	745
458	754
458	789
458	810
458	833
458	981
458	995
459	14
459	16
459	54
459	101
459	237
459	297
459	458
459	543
459	613
459	699
459	953
460	46
460	284
460	472
460	604
460	698
461	40
461	572
461	898
462	193
462	497
462	807
463	120
463	282
463	286
463	415
463	425
463	465
463	612
463	622
463	631
463	811
463	904
463	958
463	994
464	209
464	538
465	2
465	23
465	51
465	83
465	90
465	100
465	116
465	120
465	122
465	132
465	168
465	174
465	182
465	199
465	235
465	278
465	282
465	286
465	320
465	360
465	415
465	423
465	463
465	494
465	499
465	551
465	561
465	593
465	618
465	622
465	647
465	750
465	767
465	804
465	842
465	904
465	905
465	958
465	994
466	383
466	826
467	193
467	874
467	907
468	230
468	266
468	296
468	402
468	458
468	719
469	46
469	472
470	528
470	638
470	773
471	168
471	179
471	548
471	575
471	994
472	46
472	64
472	89
472	124
472	129
472	130
472	135
472	160
472	195
472	197
472	224
472	247
472	260
472	284
472	306
472	331
472	386
472	399
472	418
472	441
472	450
472	460
472	469
472	486
472	507
472	512
472	571
472	590
472	604
472	656
472	676
472	705
472	725
472	770
472	802
472	810
472	855
472	880
472	883
473	732
473	806
474	261
474	560
474	834
474	841
474	911
475	204
475	261
476	98
476	340
476	928
477	209
477	353
477	509
477	785
477	847
478	297
478	775
478	993
479	197
479	615
480	17
480	287
480	436
480	792
481	488
481	852
482	192
482	285
482	991
483	193
483	747
483	874
484	14
484	230
484	296
485	556
485	584
486	46
486	441
486	472
486	560
487	2
487	54
487	597
487	606
487	783
487	817
487	851
487	950
487	975
488	35
488	39
488	455
488	481
488	591
488	602
488	763
488	852
488	940
489	91
489	193
489	907
490	258
490	567
490	588
490	1000
491	87
491	216
491	390
491	431
491	608
491	983
492	124
492	898
493	369
493	785
493	847
494	465
494	994
495	12
495	803
496	528
496	638
497	193
497	462
498	28
498	32
499	12
499	185
499	465
499	803
500	285
500	406
500	894
501	649
501	717
502	63
502	381
502	803
503	58
503	61
503	66
503	143
503	217
503	218
503	225
503	264
503	270
503	275
503	544
503	599
503	785
503	903
503	947
503	970
503	984
504	115
504	357
504	562
504	615
504	834
504	858
505	168
505	415
506	285
506	425
506	623
507	318
507	472
508	71
508	778
508	924
509	191
509	458
509	477
509	690
509	717
509	785
510	314
510	940
511	215
511	226
511	336
511	791
512	196
512	472
513	622
513	806
514	87
514	109
514	390
514	431
514	580
515	13
515	299
515	577
515	660
515	698
515	972
515	997
516	178
516	519
516	599
516	702
517	741
517	940
518	186
518	190
518	631
519	108
519	178
519	247
519	516
519	546
519	599
519	697
519	801
520	213
520	333
520	379
520	796
521	448
521	528
521	557
521	773
522	69
522	169
522	528
522	638
523	750
523	836
524	58
524	372
524	405
524	826
525	119
525	124
525	296
525	926
526	581
526	638
526	773
527	116
527	153
527	186
527	226
527	532
527	631
528	34
528	35
528	36
528	52
528	63
528	71
528	95
528	144
528	156
528	169
528	208
528	255
528	259
528	288
528	339
528	352
528	365
528	432
528	434
528	442
528	447
528	448
528	470
528	496
528	521
528	522
528	529
528	548
528	557
528	564
528	584
528	638
528	687
528	725
528	757
528	773
528	817
528	821
528	860
528	872
528	904
529	528
529	773
530	793
530	817
530	851
531	641
531	825
532	527
532	631
533	119
533	124
533	296
533	926
533	997
534	390
534	446
534	580
535	11
535	26
535	104
535	162
535	198
535	200
535	207
535	232
535	233
535	280
535	396
535	431
535	584
535	660
535	698
535	788
535	944
535	972
536	161
536	599
537	560
537	615
538	70
538	464
538	689
538	696
538	873
538	932
539	87
539	390
539	608
540	190
540	631
540	932
541	11
541	425
541	598
542	622
542	904
542	994
543	458
543	459
543	638
543	929
544	225
544	503
545	174
545	732
546	295
546	406
546	519
546	902
547	334
547	430
547	981
548	471
548	528
549	53
549	209
549	879
550	92
550	727
550	865
551	68
551	193
551	465
552	285
552	406
552	887
553	11
553	425
554	233
554	406
554	894
554	904
555	381
555	931
556	485
556	810
557	1
557	34
557	36
557	37
557	46
557	95
557	107
557	169
557	203
557	250
557	255
557	288
557	289
557	339
557	344
557	352
557	365
557	434
557	442
557	447
557	448
557	521
557	528
557	608
557	615
557	638
557	666
557	667
557	668
557	691
557	750
557	773
557	872
558	732
558	886
559	11
559	215
559	425
560	357
560	474
560	486
560	537
560	615
560	683
560	834
561	465
561	994
562	303
562	327
562	504
563	425
563	739
564	448
564	528
564	638
565	2
565	599
566	28
566	649
566	734
567	490
567	847
568	334
568	416
569	727
569	991
570	366
570	655
571	46
571	160
571	472
571	599
572	127
572	313
572	436
572	447
572	461
572	905
573	30
573	87
573	216
573	229
573	376
573	390
573	394
573	431
573	580
573	596
573	608
573	749
573	762
573	769
573	810
574	83
574	717
575	168
575	315
575	366
575	471
575	991
576	44
576	219
576	404
576	408
576	427
576	640
576	666
576	706
577	515
577	584
578	161
578	580
578	608
578	810
579	366
579	658
580	10
580	21
580	87
580	111
580	216
580	228
580	256
580	358
580	376
580	390
580	426
580	431
580	514
580	534
580	573
580	578
580	596
580	608
580	749
580	769
580	810
580	832
581	406
581	526
581	894
582	424
582	727
583	284
583	994
584	31
584	104
584	132
584	134
584	194
584	200
584	207
584	232
584	261
584	309
584	350
584	396
584	485
584	528
584	535
584	577
584	660
584	698
584	916
584	944
584	972
584	988
585	28
585	206
586	406
586	894
587	154
587	447
587	869
587	971
588	150
588	262
588	267
588	490
588	785
589	787
589	873
590	46
590	472
591	39
591	147
591	205
591	298
591	373
591	488
591	606
591	623
591	773
591	852
591	937
592	355
592	450
593	433
593	465
593	622
594	436
594	444
594	707
595	436
595	898
596	87
596	381
596	390
596	425
596	431
596	573
596	580
596	608
596	749
596	810
596	983
597	487
597	901
598	447
598	541
598	638
599	2
599	13
599	42
599	74
599	108
599	133
599	177
599	178
599	227
599	247
599	295
599	304
599	380
599	400
599	503
599	516
599	519
599	536
599	565
599	571
599	610
599	620
599	629
599	630
599	678
599	728
599	765
599	776
599	794
599	800
599	801
599	840
599	858
599	881
599	885
599	893
599	898
599	900
599	902
599	907
599	930
599	983
599	990
600	141
600	261
601	732
601	735
602	488
602	940
603	638
603	773
604	46
604	66
604	115
604	135
604	260
604	399
604	441
604	460
604	472
604	676
604	802
605	17
605	146
605	296
605	453
605	717
606	239
606	276
606	353
606	487
606	591
606	851
606	950
607	42
607	161
607	267
607	763
607	769
607	983
608	53
608	79
608	81
608	87
608	111
608	192
608	216
608	244
608	279
608	288
608	311
608	342
608	358
608	388
608	390
608	431
608	452
608	491
608	539
608	557
608	573
608	578
608	580
608	596
608	734
608	749
608	769
608	784
608	803
608	810
608	823
608	871
608	878
608	890
608	915
608	946
609	233
609	406
610	599
610	702
611	39
611	455
612	463
612	848
613	416
613	419
613	458
613	459
614	213
614	240
615	44
615	69
615	82
615	115
615	118
615	140
615	141
615	155
615	166
615	176
615	204
615	261
615	269
615	274
615	327
615	357
615	363
615	371
615	384
615	420
615	425
615	479
615	504
615	537
615	557
615	560
615	665
615	681
615	683
615	716
615	736
615	743
615	750
615	818
615	834
615	854
615	996
615	998
616	792
616	898
616	901
617	228
617	355
618	465
618	622
619	347
619	355
619	905
619	991
620	599
620	902
621	85
621	328
621	390
621	750
621	835
622	11
622	83
622	90
622	100
622	114
622	120
622	132
622	169
622	174
622	199
622	220
622	233
622	282
622	286
622	288
622	320
622	381
622	383
622	406
622	415
622	463
622	465
622	513
622	542
622	593
622	618
622	726
622	742
622	804
622	820
622	904
622	958
622	994
623	11
623	21
623	163
623	336
623	398
623	406
623	506
623	591
623	638
623	710
623	739
623	752
623	791
623	960
623	979
624	723
624	984
625	180
625	812
626	142
626	405
626	629
626	654
626	772
626	826
626	928
627	856
627	971
628	193
628	221
629	599
629	626
629	677
629	702
629	794
629	885
630	2
630	295
630	599
631	11
631	19
631	91
631	153
631	181
631	186
631	190
631	198
631	226
631	296
631	367
631	409
631	421
631	454
631	463
631	518
631	527
631	532
631	540
631	678
631	682
631	823
631	921
631	923
631	938
631	955
631	956
631	987
631	997
632	727
632	950
633	785
633	847
634	30
634	141
635	11
635	425
636	336
636	425
637	9
637	92
637	210
637	377
637	727
638	1
638	34
638	36
638	37
638	39
638	95
638	107
638	169
638	185
638	259
638	262
638	273
638	288
638	328
638	392
638	434
638	447
638	448
638	470
638	496
638	522
638	526
638	528
638	543
638	557
638	564
638	598
638	603
638	623
638	653
638	687
638	691
638	757
638	773
638	846
638	860
638	872
638	898
638	902
639	210
639	778
640	404
640	576
641	193
641	531
642	290
642	708
642	853
642	890
643	87
643	810
644	436
644	898
645	180
645	414
646	193
646	655
647	465
647	931
647	994
648	406
648	887
648	894
649	28
649	55
649	193
649	427
649	431
649	501
649	566
649	668
649	724
649	727
649	843
649	865
649	893
649	920
649	942
649	952
650	226
650	371
651	406
651	413
651	894
652	169
652	656
652	708
653	638
653	773
654	56
654	67
654	372
654	383
654	626
654	849
655	193
655	277
655	293
655	570
655	646
655	747
655	807
655	987
655	997
656	22
656	71
656	236
656	249
656	472
656	652
656	670
656	782
656	793
656	853
656	895
657	216
657	431
658	42
658	85
658	168
658	245
658	265
658	280
658	355
658	450
658	579
658	753
658	838
659	267
659	983
660	39
660	40
660	134
660	200
660	287
660	396
660	515
660	535
660	584
660	698
661	916
661	919
662	41
662	47
662	85
662	201
662	328
662	385
662	685
662	750
662	827
662	846
662	919
663	193
663	781
664	171
664	898
665	384
665	615
665	854
666	8
666	31
666	63
666	139
666	183
666	381
666	557
666	576
666	684
666	692
666	714
666	744
666	931
667	451
667	557
668	377
668	557
668	649
668	920
668	980
669	676
669	782
669	890
670	41
670	656
671	31
671	381
672	11
672	425
673	436
673	898
674	750
674	760
675	698
675	819
675	962
676	46
676	88
676	160
676	441
676	472
676	604
676	669
676	725
676	802
677	6
677	12
677	35
677	47
677	185
677	629
677	803
677	815
678	181
678	186
678	599
678	631
679	260
679	780
680	267
680	983
681	615
681	834
682	226
682	631
683	261
683	327
683	560
683	615
684	381
684	666
685	328
685	662
685	750
686	406
686	887
686	894
687	528
687	638
688	49
688	146
688	159
688	717
689	216
689	538
689	906
690	258
690	318
690	509
690	873
690	906
691	557
691	638
692	31
692	133
692	381
692	666
692	709
693	406
693	894
694	402
694	927
695	193
695	317
696	538
696	796
697	519
697	923
698	200
698	207
698	232
698	460
698	515
698	535
698	584
698	660
698	675
698	748
698	972
698	991
699	14
699	334
699	459
699	811
699	870
699	993
699	995
700	29
700	845
701	193
701	799
702	247
702	282
702	516
702	610
702	629
702	840
702	930
703	406
703	937
704	353
704	817
705	130
705	472
706	75
706	576
707	346
707	436
707	594
708	71
708	158
708	642
708	652
708	793
708	885
709	302
709	692
710	11
710	119
710	168
710	215
710	336
710	425
710	623
710	791
711	328
711	750
711	846
712	319
712	406
713	168
713	361
713	366
713	738
713	761
714	123
714	139
714	381
714	666
714	991
715	275
715	894
716	615
716	773
717	146
717	148
717	159
717	165
717	187
717	236
717	321
717	350
717	401
717	418
717	430
717	456
717	501
717	509
717	574
717	605
717	688
718	35
718	117
718	231
718	292
718	436
719	206
719	336
719	458
719	468
719	737
719	754
719	810
720	119
720	296
720	997
721	237
721	416
722	78
722	994
723	624
723	924
723	949
724	449
724	649
725	472
725	528
725	676
726	282
726	400
726	622
726	994
727	9
727	28
727	92
727	103
727	377
727	390
727	449
727	550
727	569
727	582
727	632
727	637
727	649
727	777
727	834
727	920
727	952
727	980
728	124
728	599
729	11
729	69
729	336
729	425
729	878
729	945
730	193
730	215
731	285
731	406
731	894
732	184
732	254
732	349
732	437
732	473
732	545
732	558
732	601
732	767
732	798
732	854
732	886
732	896
732	919
732	925
732	963
732	972
732	989
733	85
733	328
733	750
733	769
734	566
734	608
735	601
735	812
736	261
736	357
736	615
737	186
737	416
737	458
737	719
738	168
738	713
739	11
739	200
739	204
739	215
739	336
739	390
739	413
739	425
739	563
739	623
739	752
739	908
740	69
740	336
740	788
740	791
741	234
741	517
741	852
741	940
742	622
742	994
743	615
743	834
743	854
744	8
744	381
744	666
745	271
745	458
745	995
746	11
746	336
746	773
747	193
747	317
747	363
747	483
747	655
748	698
748	981
749	87
749	336
749	390
749	573
749	580
749	596
749	608
749	810
749	826
750	62
750	73
750	85
750	97
750	164
750	311
750	328
750	385
750	389
750	465
750	523
750	557
750	615
750	621
750	662
750	674
750	685
750	711
750	733
750	846
750	919
750	934
750	941
750	994
751	35
751	177
752	425
752	623
752	739
753	168
753	233
753	341
753	421
753	658
753	991
754	458
754	719
754	813
755	42
755	983
756	4
756	58
757	528
757	638
757	773
758	209
758	785
759	237
759	276
759	353
759	817
760	8
760	355
760	366
760	450
760	674
760	774
760	875
761	328
761	355
761	713
762	431
762	573
763	3
763	42
763	87
763	161
763	242
763	267
763	438
763	488
763	607
763	983
764	41
764	210
765	599
765	811
766	41
766	336
767	184
767	415
767	428
767	465
767	732
767	798
767	806
767	886
767	896
767	963
767	989
768	119
768	296
768	997
769	87
769	390
769	431
769	573
769	580
769	607
769	608
769	733
770	260
770	399
770	436
770	472
770	883
771	168
771	234
771	355
771	450
772	451
772	626
772	897
773	1
773	26
773	34
773	37
773	49
773	52
773	107
773	117
773	156
773	161
773	169
773	203
773	250
773	255
773	259
773	273
773	288
773	289
773	344
773	365
773	392
773	406
773	407
773	432
773	434
773	440
773	447
773	448
773	470
773	521
773	526
773	528
773	529
773	557
773	591
773	603
773	638
773	653
773	716
773	746
773	757
773	821
773	872
773	894
773	908
774	760
774	991
775	308
775	478
776	13
776	46
776	599
776	990
777	130
777	285
777	406
777	727
777	887
777	894
778	151
778	210
778	263
778	284
778	290
778	291
778	301
778	508
778	639
778	782
778	861
778	993
779	296
779	997
780	54
780	239
780	285
780	345
780	353
780	355
780	356
780	679
780	790
780	851
781	431
781	663
782	128
782	290
782	656
782	669
782	778
782	834
783	452
783	487
784	87
784	608
785	258
785	329
785	477
785	493
785	503
785	509
785	588
785	633
785	758
785	807
785	850
785	873
785	894
786	12
786	127
786	898
787	589
787	836
788	535
788	740
789	458
789	984
790	239
790	439
790	780
791	11
791	330
791	336
791	376
791	425
791	511
791	623
791	710
791	740
791	851
792	127
792	222
792	349
792	364
792	414
792	436
792	480
792	616
792	797
792	894
792	898
792	905
793	71
793	530
793	656
793	708
794	177
794	395
794	599
794	629
794	851
795	324
795	897
796	29
796	105
796	116
796	211
796	213
796	240
796	261
796	268
796	370
796	379
796	439
796	520
796	696
796	887
797	47
797	127
797	214
797	386
797	792
797	898
797	915
797	940
798	732
798	767
798	948
799	193
799	317
799	701
800	2
800	399
800	599
801	227
801	519
801	599
801	900
802	46
802	64
802	89
802	197
802	224
802	284
802	295
802	328
802	399
802	418
802	441
802	472
802	604
802	676
802	851
802	936
802	997
803	6
803	12
803	35
803	42
803	196
803	495
803	499
803	502
803	608
803	677
803	815
803	957
804	415
804	465
804	622
804	994
805	334
805	873
806	473
806	513
806	767
806	989
807	315
807	462
807	655
807	785
807	843
808	46
808	898
809	85
809	955
810	31
810	81
810	87
810	216
810	388
810	390
810	431
810	452
810	458
810	472
810	556
810	573
810	578
810	580
810	596
810	608
810	643
810	719
810	749
810	871
810	939
811	266
811	403
811	463
811	699
811	765
812	625
812	735
813	278
813	754
813	995
814	139
814	931
815	12
815	35
815	47
815	78
815	117
815	677
815	803
815	834
815	994
816	267
816	983
817	45
817	239
817	267
817	353
817	487
817	528
817	530
817	704
817	759
817	851
818	357
818	615
819	675
819	886
820	282
820	622
820	994
821	528
821	773
822	381
822	985
823	19
823	367
823	608
823	631
823	923
824	267
824	983
825	326
825	531
826	383
826	405
826	466
826	524
826	626
826	749
826	897
826	928
827	94
827	662
828	406
828	894
829	193
829	315
830	240
830	436
830	898
831	75
831	449
832	57
832	580
832	991
833	229
833	458
833	995
834	82
834	115
834	116
834	141
834	176
834	261
834	274
834	327
834	371
834	474
834	504
834	560
834	615
834	681
834	727
834	743
834	782
834	815
834	845
835	153
835	328
835	621
836	523
836	787
836	873
837	119
837	124
838	658
838	991
839	406
839	894
840	304
840	599
840	702
841	118
841	474
842	465
842	994
843	193
843	317
843	649
843	807
844	99
844	180
844	971
845	700
845	834
846	328
846	385
846	638
846	662
846	711
846	750
846	919
847	191
847	209
847	436
847	477
847	493
847	567
847	633
847	850
848	155
848	612
849	56
849	372
849	654
850	785
850	847
850	887
851	27
851	54
851	239
851	353
851	356
851	378
851	433
851	453
851	487
851	530
851	606
851	780
851	791
851	794
851	802
851	817
851	950
851	969
851	976
851	996
852	166
852	298
852	481
852	488
852	591
852	741
852	940
853	43
853	113
853	128
853	210
853	290
853	353
853	642
853	656
853	973
854	44
854	115
854	141
854	261
854	615
854	665
854	732
854	743
855	399
855	441
855	447
855	472
856	15
856	627
856	901
856	971
856	993
857	119
857	296
857	926
858	504
858	599
859	425
859	988
860	178
860	528
860	638
861	41
861	778
861	924
862	131
862	353
862	441
863	406
863	894
864	119
864	296
864	926
864	997
865	550
865	649
866	11
866	215
866	425
867	87
867	216
867	431
868	276
868	378
869	267
869	587
870	229
870	425
870	699
871	87
871	390
871	415
871	431
871	608
871	810
872	216
872	528
872	557
872	638
872	773
873	11
873	191
873	538
873	589
873	690
873	785
873	805
873	836
873	906
873	932
873	1000
874	193
874	315
874	371
874	467
874	483
875	760
875	962
876	296
876	926
877	168
877	347
878	390
878	608
878	729
879	549
879	1000
880	267
880	472
881	2
881	599
882	185
882	248
882	445
883	89
883	472
883	770
884	24
884	168
884	991
885	599
885	629
885	708
886	428
886	431
886	437
886	558
886	732
886	767
886	819
886	912
886	989
887	46
887	125
887	193
887	215
887	233
887	256
887	285
887	406
887	446
887	552
887	648
887	686
887	777
887	796
887	850
887	894
888	92
888	436
888	898
889	296
889	997
890	71
890	253
890	290
890	608
890	642
890	669
890	891
891	890
891	895
892	379
892	925
893	599
893	649
894	54
894	189
894	208
894	233
894	256
894	285
894	369
894	406
894	411
894	431
894	436
894	446
894	457
894	500
894	554
894	581
894	586
894	648
894	651
894	686
894	693
894	715
894	731
894	773
894	777
894	785
894	792
894	828
894	839
894	863
894	887
894	948
894	951
894	966
894	971
895	71
895	210
895	656
895	891
896	431
896	732
896	767
897	309
897	451
897	772
897	795
897	826
897	928
898	14
898	38
898	60
898	71
898	102
898	109
898	115
898	126
898	127
898	136
898	145
898	171
898	287
898	307
898	313
898	316
898	319
898	332
898	334
898	335
898	346
898	364
898	386
898	387
898	390
898	394
898	425
898	435
898	436
898	444
898	461
898	492
898	595
898	599
898	616
898	638
898	644
898	664
898	673
898	786
898	792
898	797
898	808
898	830
898	888
898	901
898	905
898	915
899	372
899	383
900	599
900	801
900	902
901	60
901	332
901	335
901	436
901	597
901	616
901	856
901	898
901	915
902	178
902	546
902	599
902	620
902	638
902	900
903	11
903	503
904	120
904	282
904	286
904	463
904	465
904	528
904	542
904	554
904	622
904	994
905	386
905	436
905	465
905	572
905	619
905	792
905	898
906	104
906	689
906	690
906	873
907	193
907	317
907	361
907	467
907	489
907	599
908	739
908	773
909	210
909	416
910	47
910	196
911	47
911	231
911	474
911	957
912	254
912	886
913	42
913	267
913	983
914	327
914	995
915	436
915	608
915	797
915	898
915	901
916	584
916	661
916	934
917	55
917	87
917	390
918	336
918	425
919	164
919	257
919	311
919	328
919	661
919	662
919	732
919	750
919	846
920	649
920	668
920	727
921	631
921	923
922	87
922	390
922	941
923	186
923	190
923	210
923	226
923	454
923	631
923	697
923	823
923	921
923	976
924	301
924	508
924	723
924	861
925	732
925	892
926	86
926	96
926	119
926	120
926	124
926	261
926	296
926	391
926	525
926	533
926	857
926	864
926	876
926	940
926	997
927	149
927	159
927	694
928	87
928	97
928	98
928	372
928	381
928	451
928	476
928	626
928	826
928	897
929	324
929	543
930	599
930	702
931	8
931	555
931	647
931	666
931	814
932	538
932	540
932	873
933	233
933	406
934	328
934	393
934	750
934	916
935	390
935	431
936	46
936	406
936	802
937	591
937	703
937	940
938	226
938	631
939	431
939	810
940	39
940	234
940	298
940	488
940	510
940	517
940	602
940	741
940	797
940	852
940	926
940	937
941	257
941	750
941	922
942	100
942	408
942	649
943	971
943	993
944	535
944	584
945	425
945	729
946	87
946	608
947	34
947	270
947	281
947	503
947	949
948	406
948	798
948	894
949	58
949	61
949	66
949	93
949	106
949	193
949	217
949	436
949	723
949	947
950	54
950	345
950	353
950	487
950	606
950	632
950	851
951	406
951	894
952	649
952	727
953	334
953	459
954	35
954	47
955	631
955	809
956	186
956	631
957	803
957	911
958	463
958	465
958	622
959	58
959	443
960	425
960	623
961	84
961	271
962	675
962	875
963	732
963	767
964	12
964	35
964	47
964	78
964	137
965	42
965	267
965	983
966	369
966	406
966	894
967	141
967	363
968	210
968	448
969	8
969	353
969	851
970	281
970	503
970	984
971	15
971	18
971	25
971	80
971	135
971	137
971	173
971	180
971	188
971	223
971	252
971	297
971	372
971	414
971	587
971	627
971	844
971	856
971	894
971	943
971	993
972	40
972	200
972	515
972	535
972	584
972	698
972	732
973	41
973	396
973	853
974	168
974	323
974	366
975	239
975	487
976	851
976	923
977	42
977	983
978	12
978	193
978	196
978	986
979	11
979	623
980	75
980	668
980	727
981	402
981	458
981	547
981	748
982	356
982	994
983	42
983	76
983	161
983	242
983	252
983	267
983	283
983	310
983	336
983	382
983	491
983	596
983	599
983	607
983	659
983	680
983	755
983	763
983	816
983	824
983	913
983	965
983	977
984	58
984	61
984	503
984	624
984	789
984	970
985	381
985	822
986	12
986	978
987	193
987	631
987	655
988	584
988	859
989	732
989	767
989	806
989	886
990	599
990	776
991	50
991	168
991	172
991	257
991	355
991	450
991	482
991	569
991	575
991	619
991	698
991	714
991	753
991	774
991	832
991	838
991	884
992	193
992	397
993	65
993	70
993	137
993	154
993	180
993	308
993	478
993	699
993	778
993	856
993	943
993	971
994	23
994	42
994	48
994	83
994	90
994	100
994	114
994	120
994	122
994	132
994	174
994	182
994	199
994	220
994	235
994	282
994	286
994	320
994	390
994	406
994	415
994	423
994	463
994	465
994	471
994	494
994	542
994	561
994	583
994	622
994	647
994	722
994	726
994	742
994	750
994	804
994	815
994	820
994	842
994	904
994	982
995	16
995	266
995	458
995	699
995	745
995	813
995	833
995	914
996	615
996	851
997	86
997	119
997	124
997	272
997	286
997	296
997	375
997	391
997	515
997	533
997	631
997	655
997	720
997	768
997	779
997	802
997	864
997	889
997	926
998	193
998	615
999	193
999	221
1000	332
1000	490
1000	873
1000	879
