1	76
1	77
1	237
1	271
1	333
1	747
1	755
1	864
1	877
1	919
1	934
2	487
2	756
2	942
3	13
3	14
3	204
3	282
3	616
4	726
4	799
4	905
4	925
5	22
5	364
5	449
5	823
5	952
6	125
6	788
6	898
7	218
7	588
7	595
7	802
7	824
8	70
8	255
8	516
9	250
9	528
9	791
9	949
10	30
10	58
10	131
10	192
10	239
10	264
10	273
10	280
10	314
10	361
10	501
10	554
10	574
10	647
10	704
10	708
10	840
10	846
10	886
10	924
11	463
11	904
11	956
12	70
12	321
12	583
12	700
12	815
12	936
13	3
13	41
13	396
13	420
13	552
14	3
14	79
14	495
14	552
15	255
15	273
15	362
15	424
16	213
16	641
16	666
17	20
17	114
17	631
17	763
18	50
18	73
18	168
18	190
18	937
19	601
19	709
19	887
20	17
20	93
20	102
20	109
20	173
20	238
20	260
20	266
20	395
20	442
20	653
20	824
21	635
21	842
21	909
22	5
22	147
22	989
23	191
23	664
23	718
23	776
24	132
24	135
24	734
25	28
25	460
25	608
25	798
26	80
26	230
26	261
26	326
26	360
26	385
26	420
26	439
26	552
26	616
26	779
26	809
26	830
26	908
26	940
26	980
26	998
27	482
27	608
27	686
27	894
28	25
28	548
28	802
29	49
29	254
29	258
29	497
30	10
30	193
30	267
30	268
30	314
30	321
30	356
30	434
30	547
30	589
30	640
30	704
30	808
30	821
30	840
31	77
31	646
31	916
31	973
32	206
32	394
32	536
32	637
32	663
33	60
33	73
33	612
33	647
33	968
34	126
34	694
34	749
35	38
35	83
35	385
35	594
36	94
36	129
36	161
36	548
36	585
36	596
36	671
36	685
37	637
37	787
37	804
38	35
38	82
38	722
38	968
39	317
39	388
39	525
39	681
39	762
39	970
40	199
40	404
40	605
40	740
40	922
41	13
41	290
41	385
41	446
41	782
42	51
42	380
42	535
43	291
43	436
43	492
43	927
44	370
44	525
44	681
45	49
45	231
45	419
45	436
45	879
46	57
46	77
46	122
46	916
46	984
47	256
47	260
47	579
47	870
48	64
48	72
48	686
49	29
49	45
49	176
49	223
49	234
49	240
49	627
49	678
49	741
49	960
50	18
50	107
50	190
51	42
51	354
51	535
51	601
51	688
51	709
51	783
52	934
52	973
52	991
53	171
53	220
53	377
53	456
53	480
53	630
53	739
53	837
53	843
54	276
54	352
54	393
54	746
54	928
55	218
55	252
55	411
55	637
55	664
55	812
55	842
56	113
56	116
56	162
56	492
56	619
56	720
56	889
56	929
56	949
57	46
57	86
57	307
57	309
57	331
57	432
57	445
57	482
57	577
57	622
57	644
57	669
57	749
57	755
57	769
57	774
57	910
57	997
58	10
58	181
58	375
58	990
59	170
59	547
59	704
59	808
60	33
60	82
60	146
61	734
61	801
61	903
62	224
62	242
62	483
62	562
62	584
62	830
63	807
63	865
63	870
64	48
64	291
64	720
65	338
65	599
65	600
65	629
66	155
66	557
66	673
67	159
67	537
67	748
68	245
68	253
68	269
68	890
69	127
69	143
69	328
69	357
69	428
69	602
69	621
69	884
70	8
70	12
70	132
70	729
70	758
71	279
71	528
71	762
71	895
72	48
72	172
72	382
72	575
72	870
73	18
73	33
73	815
74	95
74	109
74	200
74	270
74	312
74	473
74	562
74	670
74	824
74	834
75	206
75	218
75	437
75	580
75	955
76	1
76	617
76	734
77	1
77	31
77	46
77	342
77	495
77	746
77	762
77	790
77	855
77	971
77	973
78	515
78	536
78	919
79	14
79	189
79	336
79	448
79	853
79	911
80	26
80	106
80	495
80	528
80	643
80	809
81	471
81	884
81	951
81	952
82	38
82	60
82	307
82	415
82	503
82	612
82	829
82	852
83	35
83	503
83	815
83	919
83	968
84	97
84	111
84	255
85	419
85	745
85	810
86	57
86	309
86	402
86	644
86	755
87	97
87	666
87	704
88	167
88	202
88	224
88	252
88	411
88	842
88	970
89	159
89	830
89	974
90	250
90	255
90	538
90	807
90	862
90	865
90	943
91	234
91	250
91	288
91	778
91	895
92	143
92	228
92	510
92	599
92	673
92	772
92	884
93	20
93	150
93	163
93	219
93	624
93	853
93	958
94	36
94	116
94	218
94	294
94	419
94	436
94	465
94	472
94	478
94	509
94	866
95	74
95	624
95	824
96	431
96	613
96	651
96	795
96	957
97	84
97	87
97	255
98	224
98	228
98	375
99	125
99	347
99	524
100	311
100	612
100	743
100	829
100	955
101	237
101	297
101	455
101	877
102	20
102	442
102	466
102	631
102	824
102	894
103	686
103	766
103	867
104	171
104	331
104	577
104	714
104	774
105	722
105	726
105	762
105	818
105	905
106	80
106	326
106	353
106	400
106	779
107	50
107	137
107	190
107	318
108	563
108	617
108	988
109	20
109	74
109	219
109	726
109	863
110	143
110	245
110	255
110	375
110	403
110	620
110	841
111	84
111	347
111	719
111	807
111	865
112	195
112	263
112	327
112	407
112	438
112	582
112	997
113	56
113	116
113	254
113	291
113	419
113	436
113	492
113	866
114	17
114	173
114	296
114	355
114	399
114	442
114	466
114	631
114	702
114	738
115	190
115	287
115	336
116	56
116	94
116	113
116	157
116	291
116	503
116	961
117	248
117	401
117	486
117	553
117	688
117	753
117	981
118	211
118	461
118	680
118	690
118	698
118	777
118	816
118	941
119	284
119	415
119	511
119	558
120	568
120	594
120	933
121	222
121	265
121	487
121	533
121	601
121	692
121	915
121	942
122	46
122	342
122	910
122	999
123	283
123	736
123	864
124	218
124	425
124	595
125	6
125	99
125	267
125	296
125	310
125	396
125	490
125	714
125	745
125	810
126	34
126	165
126	212
126	355
126	390
126	517
126	522
126	655
126	687
126	697
126	703
126	813
126	962
127	69
127	387
127	710
128	562
128	600
128	615
129	36
129	166
129	198
129	389
129	404
129	405
129	596
129	713
129	959
129	964
130	181
130	344
130	841
130	903
131	10
131	314
131	333
132	24
132	70
132	833
133	147
133	232
133	267
133	293
133	636
133	820
133	980
134	179
134	342
134	350
134	685
134	727
135	24
135	515
135	734
135	775
135	969
135	993
136	226
136	354
136	415
136	727
137	107
137	198
137	527
137	888
137	911
138	193
138	423
138	454
138	640
138	996
139	547
139	589
139	729
139	821
139	840
140	148
140	163
140	187
140	281
140	568
140	576
140	752
140	773
140	807
140	828
140	849
140	859
140	905
140	907
140	933
140	965
141	246
141	250
141	288
141	854
141	951
142	261
142	312
142	360
142	552
142	643
142	908
142	912
142	936
142	998
143	69
143	92
143	110
143	196
143	344
143	403
143	510
143	571
143	620
143	632
143	709
143	768
143	771
143	871
143	884
144	429
144	734
144	867
144	903
144	969
145	520
145	525
145	973
146	60
146	841
146	968
147	22
147	133
147	241
147	288
147	528
147	724
148	140
148	524
148	828
148	933
149	596
149	683
149	930
150	93
150	585
150	624
150	906
151	345
151	755
151	901
152	349
152	566
152	705
153	451
153	601
153	709
154	157
154	500
154	688
154	734
154	783
155	66
155	224
155	489
155	491
155	557
156	499
156	664
156	842
157	116
157	154
157	500
157	535
158	452
158	798
158	844
159	67
159	89
159	183
159	439
159	784
159	974
160	651
160	723
160	817
161	36
161	274
161	308
161	816
162	56
162	198
162	866
163	93
163	140
163	220
163	278
163	305
163	335
163	377
163	378
163	461
163	551
163	645
163	739
163	900
163	976
164	414
164	461
164	531
165	126
165	697
165	983
166	129
166	294
166	822
167	88
167	383
167	540
167	664
167	718
167	750
167	832
168	18
168	189
168	465
169	425
169	794
169	941
170	59
170	478
170	949
170	961
171	53
171	104
171	207
171	445
171	590
171	755
172	72
172	586
172	686
173	20
173	114
173	468
173	677
173	824
174	305
174	481
174	754
174	979
175	183
175	458
175	974
176	49
176	349
176	380
176	471
176	560
176	678
177	194
177	234
177	328
177	338
177	558
177	675
177	767
177	914
177	960
178	781
178	878
178	983
179	134
179	433
179	463
179	991
180	536
180	606
180	831
181	58
181	130
181	339
181	737
181	994
182	247
182	272
182	379
182	458
182	800
183	159
183	175
183	184
183	247
183	379
183	479
183	514
183	622
183	740
183	850
183	881
183	897
183	974
184	183
184	486
184	553
185	431
185	867
185	918
186	369
186	425
186	592
186	790
186	973
186	984
187	140
187	828
187	974
188	450
188	594
188	612
188	829
189	79
189	168
189	190
189	215
189	268
189	324
189	336
189	398
189	507
189	527
189	585
189	865
189	888
189	901
189	911
190	18
190	50
190	107
190	115
190	189
190	765
191	23
191	236
191	327
191	340
191	387
191	739
192	10
192	193
192	337
193	30
193	138
193	192
193	273
193	280
193	334
193	346
193	411
193	423
193	430
193	493
193	539
193	543
193	547
193	640
193	666
193	704
193	874
193	986
194	177
194	515
194	606
195	112
195	263
195	378
195	387
195	407
195	422
195	456
195	461
195	550
195	567
195	582
195	591
195	645
195	693
195	742
195	789
195	837
196	143
196	332
196	375
196	737
197	562
197	600
197	757
197	842
198	129
198	137
198	162
198	211
198	233
198	308
198	338
198	392
198	585
198	596
198	698
198	713
198	777
198	782
198	816
198	941
198	975
198	988
199	40
199	260
199	323
199	363
200	74
200	396
200	684
200	745
200	951
201	458
201	725
201	850
202	88
202	411
202	718
202	869
203	214
203	789
203	931
204	3
204	450
204	503
205	533
205	549
205	604
206	32
206	75
206	218
206	425
206	480
206	802
206	813
207	171
207	293
207	689
207	896
208	327
208	431
208	795
208	811
208	847
208	870
209	570
209	724
209	857
209	891
209	992
210	236
210	278
210	366
210	414
210	476
210	611
210	645
210	728
210	930
210	976
211	118
211	198
211	609
212	126
212	355
212	538
212	707
213	16
213	249
213	417
213	469
213	682
213	715
213	753
214	203
214	400
214	541
214	789
214	839
214	995
215	189
215	336
215	972
216	274
216	807
216	862
217	256
217	510
217	811
218	7
218	55
218	75
218	94
218	124
218	206
218	237
218	348
218	480
218	512
218	595
218	628
218	794
218	813
218	892
219	93
219	109
219	484
219	516
219	530
219	653
219	853
219	958
220	53
220	163
220	591
220	630
221	299
221	491
221	535
221	917
222	121
222	715
222	929
223	49
223	338
223	664
224	62
224	88
224	98
224	155
224	228
224	269
224	277
224	374
224	510
224	673
224	737
224	841
225	604
225	756
225	877
226	136
226	415
226	911
227	284
227	464
227	541
228	92
228	98
228	224
229	367
229	632
229	651
229	723
229	926
229	936
230	26
230	438
230	535
230	575
230	601
230	709
230	783
230	851
231	45
231	291
231	949
232	133
232	467
232	674
232	795
232	818
232	885
232	952
233	198
233	713
233	807
233	975
234	49
234	91
234	177
234	240
234	384
234	474
234	500
234	558
234	770
234	873
234	945
235	358
235	430
235	554
235	637
236	191
236	210
236	301
236	339
236	343
236	407
236	650
236	787
237	1
237	101
237	218
237	295
237	315
237	746
237	916
237	924
237	984
238	20
238	745
238	950
239	10
239	319
239	458
239	682
239	753
239	839
240	49
240	234
240	627
241	147
241	422
241	667
241	688
241	783
242	62
242	412
242	558
243	457
243	657
243	786
244	360
244	746
244	809
245	68
245	110
245	428
245	866
245	884
245	989
245	990
246	141
246	250
246	989
247	182
247	183
247	272
247	379
247	597
247	625
247	933
248	117
248	417
248	553
249	213
249	252
249	664
250	9
250	90
250	91
250	141
250	246
250	288
250	381
250	528
250	600
250	724
250	726
250	759
250	832
250	835
250	845
250	876
250	895
250	989
251	350
251	605
251	727
252	55
252	88
252	249
252	418
253	68
253	375
253	618
254	29
254	113
254	258
254	380
254	566
254	678
254	767
254	987
255	8
255	15
255	84
255	90
255	97
255	110
255	371
255	411
255	524
255	605
255	683
255	797
255	865
255	946
255	947
256	47
256	217
256	575
256	856
257	336
257	446
257	448
257	911
257	937
258	29
258	254
258	558
259	435
259	677
259	725
259	733
259	761
259	789
260	20
260	47
260	199
260	283
260	491
260	736
260	917
260	1000
261	26
261	142
261	495
262	334
262	612
262	852
263	112
263	195
263	363
263	611
263	626
263	728
263	837
264	10
264	575
264	731
264	786
265	121
265	285
265	461
265	915
266	20
266	508
266	702
266	717
266	906
267	30
267	125
267	133
267	517
267	648
267	820
268	30
268	189
268	418
268	874
269	68
269	224
269	489
269	994
270	74
270	624
270	732
271	1
271	302
271	746
271	814
271	973
272	182
272	247
272	416
272	660
272	974
273	10
273	15
273	193
273	289
273	314
273	454
273	501
273	547
273	555
273	625
273	666
273	704
273	708
273	927
274	161
274	216
274	516
274	797
274	865
275	592
275	746
275	880
275	948
276	54
276	525
276	1000
277	224
277	388
277	545
278	163
278	210
278	407
278	428
278	552
278	611
278	742
279	71
279	462
279	592
279	944
279	995
280	10
280	193
280	418
280	444
280	489
280	504
281	140
281	933
281	947
282	3
282	299
282	963
283	123
283	260
283	391
284	119
284	227
284	314
284	320
284	433
284	536
284	559
284	592
284	780
284	836
285	265
285	392
285	487
286	433
286	593
286	953
286	995
287	115
287	298
287	336
288	91
288	141
288	147
288	250
288	449
288	598
288	668
288	726
288	762
288	791
288	805
288	835
288	925
288	989
289	273
289	610
289	893
290	41
290	292
290	353
291	43
291	64
291	113
291	116
291	231
291	406
291	436
291	478
291	492
291	592
291	668
291	803
291	866
291	889
291	977
292	290
292	398
292	679
293	133
293	207
293	359
293	471
293	636
293	951
293	961
293	980
294	94
294	166
294	313
295	237
295	675
295	751
295	790
296	114
296	125
296	800
297	101
297	606
297	637
298	287
298	301
298	325
298	412
298	562
298	600
298	649
298	830
298	869
298	899
298	982
299	221
299	282
299	727
300	532
300	582
300	630
300	693
301	236
301	298
301	412
301	600
301	838
302	271
302	550
302	686
302	957
303	338
303	599
303	893
304	433
304	462
304	476
304	789
304	817
305	163
305	174
305	611
306	396
306	745
306	967
307	57
307	82
307	445
307	774
308	161
308	198
308	585
308	698
308	809
309	57
309	86
309	644
309	910
310	125
310	449
310	490
310	498
310	648
310	674
310	680
310	689
310	845
310	885
310	952
311	100
311	443
311	815
312	74
312	142
312	824
312	863
313	294
313	419
313	478
313	606
314	10
314	30
314	131
314	273
314	284
314	434
314	547
314	554
314	595
314	704
314	719
314	846
315	237
315	493
315	690
315	902
316	329
316	516
316	572
316	865
317	39
317	456
317	525
318	107
318	448
318	475
318	937
319	239
319	401
319	544
319	682
320	284
320	592
320	677
321	12
321	30
321	586
321	632
321	723
321	891
322	592
322	612
322	944
322	978
323	199
323	942
323	956
324	189
324	705
324	901
324	911
324	937
325	298
325	562
325	600
325	830
325	838
326	26
326	106
326	745
327	112
327	191
327	208
327	650
328	69
328	177
328	384
328	558
328	564
328	569
328	599
328	627
328	773
329	316
329	413
329	807
330	512
330	595
330	754
330	802
331	57
331	104
331	332
331	684
331	755
332	196
332	331
332	345
332	408
332	749
332	755
333	1
333	131
333	973
334	193
334	262
334	652
335	163
335	456
335	944
336	79
336	115
336	189
336	215
336	257
336	287
336	416
336	582
336	712
336	888
336	901
336	972
337	192
337	523
337	606
337	637
337	741
337	893
338	65
338	177
338	198
338	223
338	303
338	372
338	384
338	457
339	181
339	236
339	340
339	378
339	837
340	191
340	339
340	428
340	611
341	594
341	785
341	955
341	968
342	77
342	122
342	134
342	790
342	916
343	236
343	366
343	789
343	976
344	130
344	143
344	485
344	884
345	151
345	332
345	445
345	644
345	669
345	755
345	856
345	910
346	193
346	490
346	810
347	99
347	111
347	865
347	947
348	218
348	437
348	615
349	152
349	176
349	365
349	380
350	134
350	251
350	598
351	476
351	924
351	973
352	54
352	363
352	904
353	106
353	290
353	940
354	51
354	136
354	639
354	733
354	995
355	114
355	126
355	212
355	390
355	522
355	655
355	691
355	703
355	707
355	765
355	802
355	825
355	933
355	983
356	30
356	477
356	754
356	764
356	894
357	69
357	468
357	772
358	235
358	394
358	515
358	532
358	536
358	606
358	637
358	704
358	785
358	921
359	293
359	670
359	952
360	26
360	142
360	244
360	385
360	522
361	10
361	768
361	886
362	15
362	413
362	536
362	807
363	199
363	263
363	352
364	5
364	396
364	952
365	349
365	436
365	452
365	460
365	482
365	608
365	662
365	754
365	796
365	826
365	894
365	915
366	210
366	343
366	388
367	229
367	705
367	758
367	977
368	609
368	919
368	971
369	186
369	738
369	814
369	919
369	999
370	44
370	895
370	970
371	255
371	516
371	946
372	338
372	388
372	525
373	417
373	486
373	839
374	224
374	644
374	706
375	58
375	98
375	110
375	196
375	253
375	545
375	557
375	682
375	884
375	967
375	994
376	635
376	842
376	858
377	53
377	163
377	551
377	611
377	695
377	728
377	830
378	163
378	195
378	339
378	407
378	551
378	630
378	659
378	851
378	976
379	182
379	183
379	247
379	442
379	458
379	604
379	660
379	744
379	850
379	881
380	42
380	176
380	254
380	349
380	454
380	599
381	250
381	726
381	805
381	876
382	72
382	597
382	729
382	781
382	833
383	167
383	411
383	453
383	630
383	634
383	664
383	718
383	939
384	234
384	328
384	338
384	474
384	627
384	728
385	26
385	35
385	41
385	360
385	446
385	495
386	397
386	754
386	964
387	127
387	191
387	195
387	456
387	531
387	611
387	695
387	837
387	911
387	996
388	39
388	277
388	366
388	372
388	525
388	530
388	578
388	587
388	804
388	886
388	970
389	129
389	392
389	964
390	126
390	355
390	765
390	962
390	983
391	283
391	613
391	736
391	904
391	917
392	198
392	285
392	389
392	585
392	680
392	941
392	964
393	54
393	917
393	956
394	32
394	358
394	893
395	20
395	759
395	883
396	13
396	125
396	200
396	306
396	364
396	467
396	674
396	823
396	896
396	988
397	386
397	754
397	842
398	189
398	292
398	781
398	911
399	114
399	484
399	863
400	106
400	214
400	462
400	656
400	978
401	117
401	319
401	469
401	470
401	606
401	715
401	753
401	981
401	984
402	86
402	479
402	974
403	110
403	143
403	621
404	40
404	129
404	605
405	129
405	445
405	568
405	676
405	932
406	291
406	419
406	879
407	112
407	195
407	236
407	278
407	378
407	414
407	460
407	582
407	792
407	830
407	912
408	332
408	726
408	925
409	685
409	885
409	928
410	483
410	562
410	584
410	869
411	55
411	88
411	193
411	202
411	255
411	383
411	421
411	769
411	842
411	939
412	242
412	298
412	301
412	547
412	645
412	830
412	838
413	329
413	362
413	561
413	683
413	865
414	164
414	210
414	407
414	591
414	650
414	700
414	837
414	976
415	82
415	119
415	136
415	226
415	435
415	476
415	559
415	592
415	658
415	780
415	783
415	789
415	836
415	948
415	993
416	272
416	336
416	901
417	213
417	248
417	373
417	544
417	626
417	682
417	981
418	252
418	268
418	280
418	641
418	704
418	719
419	45
419	85
419	94
419	113
419	313
419	406
419	436
419	465
419	526
419	691
419	852
419	879
419	882
419	949
420	13
420	26
420	552
420	806
420	908
420	912
421	411
421	426
421	842
422	195
422	241
422	783
423	138
423	193
423	704
424	15
424	865
424	986
425	124
425	169
425	186
425	206
425	512
425	595
425	802
425	969
426	421
426	509
426	882
427	462
427	690
427	692
427	915
428	69
428	245
428	278
428	340
428	706
428	994
429	144
429	443
429	561
429	565
429	568
429	571
429	573
429	686
429	734
429	775
429	819
429	903
429	922
429	923
429	963
429	969
430	193
430	235
430	536
430	606
430	612
430	663
430	831
430	893
431	96
431	185
431	208
431	475
431	496
431	613
431	686
431	731
431	884
431	916
432	57
432	668
432	774
433	179
433	284
433	286
433	304
433	592
433	677
433	875
434	30
434	314
434	539
434	840
435	259
435	415
435	592
435	671
436	43
436	45
436	94
436	113
436	291
436	365
436	419
436	509
436	529
436	549
436	882
436	889
436	961
437	75
437	348
437	537
438	112
438	230
438	783
439	26
439	159
439	809
440	699
440	709
440	834
441	462
441	555
441	658
442	20
442	102
442	114
442	379
442	473
442	477
442	624
442	738
442	834
443	311
443	429
443	775
444	280
444	712
444	840
445	57
445	171
445	307
445	345
445	405
445	577
445	590
445	622
445	660
445	755
445	774
445	910
446	41
446	257
446	385
447	746
447	919
447	984
448	79
448	257
448	318
448	972
449	5
449	288
449	310
449	490
449	684
449	800
450	188
450	204
450	631
450	829
450	968
451	153
451	464
451	688
451	860
452	158
452	365
452	460
453	383
453	635
453	718
454	138
454	273
454	380
454	504
454	647
454	874
455	101
455	916
455	973
456	53
456	195
456	317
456	335
456	387
456	611
457	243
457	338
457	558
457	627
458	175
458	182
458	201
458	239
458	379
458	748
458	881
458	923
458	974
459	575
459	856
459	867
459	896
460	25
460	365
460	407
460	452
461	118
461	163
461	164
461	195
461	265
461	531
461	563
461	582
461	623
461	626
461	630
461	645
461	650
461	843
462	279
462	304
462	400
462	427
462	441
462	467
462	592
463	11
463	179
463	519
463	605
463	991
464	227
464	451
464	540
464	711
464	852
464	968
465	94
465	168
465	419
466	102
466	114
466	921
467	232
467	396
467	462
467	498
468	173
468	357
468	624
468	653
469	213
469	401
469	657
469	981
470	401
470	704
470	753
470	839
471	81
471	176
471	293
471	818
472	94
472	529
472	879
473	74
473	442
473	938
474	234
474	384
474	770
474	939
475	318
475	431
475	550
475	867
475	870
476	210
476	304
476	351
476	415
476	875
476	931
476	995
477	356
477	442
477	764
477	920
478	94
478	170
478	291
478	313
479	183
479	402
479	513
479	537
479	748
479	897
480	53
480	206
480	218
480	508
480	595
480	926
481	174
481	533
481	608
481	662
481	754
481	764
481	920
482	27
482	57
482	365
482	556
482	795
482	844
482	979
483	62
483	410
483	600
483	634
483	869
484	219
484	399
484	694
485	344
485	746
485	900
485	935
486	117
486	184
486	373
486	682
487	2
487	121
487	285
488	568
488	676
488	907
488	933
489	155
489	269
489	280
489	602
489	620
489	884
489	994
490	125
490	310
490	346
490	449
490	518
490	519
490	551
490	635
490	714
490	745
491	155
491	221
491	260
492	43
492	56
492	113
492	291
492	753
493	193
493	315
493	521
493	533
493	915
494	585
494	671
494	975
495	14
495	77
495	80
495	261
495	385
495	788
496	431
496	875
496	953
497	29
497	523
497	606
497	893
498	310
498	467
498	980
499	156
499	600
499	757
499	830
500	154
500	157
500	234
500	783
501	10
501	273
501	566
501	886
502	558
502	577
502	750
503	82
503	83
503	116
503	204
503	594
503	711
503	815
503	829
503	955
504	280
504	454
504	514
505	754
505	798
505	903
506	579
506	613
506	657
506	953
507	189
507	901
507	937
508	266
508	480
508	512
508	716
508	802
509	94
509	426
509	436
510	92
510	143
510	217
510	224
511	119
511	592
511	733
512	218
512	330
512	425
512	508
513	479
513	710
513	884
514	183
514	504
514	927
515	78
515	135
515	194
515	358
515	532
515	606
515	635
515	741
515	785
515	831
516	8
516	219
516	274
516	316
516	371
516	610
516	642
516	807
516	865
516	872
516	982
517	126
517	267
517	684
517	714
517	763
518	490
518	714
518	803
518	980
518	995
519	463
519	490
519	967
520	145
520	623
520	721
520	787
520	793
521	493
521	604
521	666
522	126
522	355
522	360
522	687
522	694
523	337
523	497
523	637
524	99
524	148
524	255
524	807
525	39
525	44
525	145
525	276
525	317
525	372
525	388
525	531
525	578
525	665
525	721
525	787
525	793
525	914
526	419
526	605
526	866
527	137
527	189
527	679
528	9
528	71
528	80
528	147
528	250
528	724
528	762
528	802
528	925
529	436
529	472
529	786
529	868
530	219
530	388
530	970
531	164
531	387
531	461
531	525
531	551
531	728
532	300
532	358
532	515
533	121
533	205
533	481
533	493
533	549
533	604
533	860
534	691
534	765
534	801
534	814
535	42
535	51
535	157
535	221
535	230
535	667
535	688
535	783
535	860
536	32
536	78
536	180
536	284
536	358
536	362
536	430
536	606
536	831
537	67
537	437
537	479
537	740
537	850
537	897
537	974
538	90
538	212
538	807
539	193
539	434
539	792
540	167
540	464
540	968
541	214
541	227
541	656
541	844
541	995
542	665
542	721
542	970
543	193
543	708
543	712
543	719
544	319
544	417
544	682
544	730
545	277
545	375
545	871
546	547
546	754
546	920
547	30
547	59
547	139
547	193
547	273
547	314
547	412
547	546
547	704
547	708
548	28
548	36
548	572
549	205
549	436
549	533
549	915
550	195
550	302
550	475
550	668
551	163
551	377
551	378
551	490
551	531
552	13
552	14
552	26
552	142
552	278
552	420
552	779
552	809
552	912
552	940
552	952
552	963
552	990
553	117
553	184
553	248
554	10
554	235
554	314
554	555
554	589
554	986
555	273
555	441
555	554
556	482
556	666
556	760
556	764
557	66
557	155
557	375
558	119
558	177
558	234
558	242
558	258
558	328
558	457
558	502
558	629
558	987
559	284
559	415
559	648
560	176
560	842
560	858
561	413
561	429
561	918
562	62
562	74
562	128
562	197
562	298
562	325
562	410
562	584
562	600
562	649
562	651
562	757
562	830
562	831
563	108
563	461
563	585
564	328
564	569
564	627
565	429
565	734
565	833
566	152
566	254
566	501
566	899
567	195
567	720
567	837
567	996
568	120
568	140
568	405
568	429
568	488
568	576
568	584
568	752
568	907
568	933
569	328
569	564
569	873
570	209
570	659
570	815
571	143
571	429
571	734
571	775
571	903
571	969
572	316
572	548
572	713
573	429
573	734
573	893
573	969
574	10
574	611
574	652
575	72
575	230
575	256
575	264
575	459
575	619
575	657
575	686
575	730
575	867
575	915
575	973
576	140
576	568
576	672
576	676
576	773
576	776
576	828
576	907
576	932
576	958
577	57
577	104
577	445
577	502
578	388
578	525
578	999
579	47
579	506
579	870
579	890
580	75
580	595
580	615
580	628
581	681
581	787
581	970
582	112
582	195
582	300
582	336
582	407
582	461
582	611
582	656
582	792
583	12
583	597
583	781
583	857
584	62
584	410
584	562
584	568
584	600
584	830
584	848
585	36
585	150
585	189
585	198
585	308
585	392
585	494
585	563
585	596
585	671
585	841
585	964
586	172
586	321
586	654
587	388
587	618
587	970
588	7
588	595
588	628
588	714
588	802
588	926
589	30
589	139
589	554
590	171
590	445
590	669
590	952
591	195
591	220
591	414
592	186
592	275
592	279
592	284
592	291
592	320
592	322
592	415
592	433
592	435
592	462
592	511
592	725
592	755
592	995
593	286
593	725
593	875
593	973
593	995
594	35
594	120
594	188
594	341
594	503
594	711
594	956
594	968
595	7
595	124
595	218
595	314
595	330
595	425
595	480
595	580
595	588
595	802
595	861
595	926
595	976
596	36
596	129
596	149
596	198
596	585
596	713
596	762
596	964
597	247
597	382
597	583
597	661
597	781
598	288
598	350
598	989
599	65
599	92
599	303
599	328
599	380
599	899
600	65
600	128
600	197
600	250
600	298
600	301
600	325
600	483
600	499
600	562
600	584
600	830
600	858
600	869
601	19
601	51
601	121
601	153
601	230
601	688
601	699
601	783
601	985
602	69
602	489
602	841
603	637
603	663
603	758
603	831
604	205
604	225
604	379
604	521
604	533
604	690
604	915
604	946
605	40
605	251
605	255
605	404
605	463
605	526
606	180
606	194
606	297
606	313
606	337
606	358
606	401
606	430
606	497
606	515
606	536
606	637
606	831
606	893
606	978
607	705
607	781
607	857
608	25
608	27
608	365
608	481
608	754
608	760
608	916
609	211
609	368
609	919
609	973
610	289
610	516
610	865
611	210
611	263
611	278
611	305
611	340
611	377
611	387
611	456
611	574
611	582
611	630
611	742
611	783
611	792
611	822
611	969
611	976
612	33
612	82
612	100
612	188
612	262
612	322
612	430
613	96
613	391
613	431
613	506
613	657
613	795
613	867
614	642
614	754
614	797
614	943
615	128
615	348
615	580
616	3
616	26
616	643
617	76
617	108
617	734
617	775
617	819
617	923
617	969
618	253
618	587
618	871
619	56
619	575
619	686
620	110
620	143
620	489
621	69
621	403
621	994
622	57
622	183
622	445
623	461
623	520
623	742
624	93
624	95
624	150
624	270
624	442
624	468
624	631
624	639
624	820
625	247
625	273
625	974
626	263
626	417
626	461
627	49
627	240
627	328
627	384
627	457
627	564
627	638
627	767
628	218
628	580
628	588
628	892
629	65
629	558
629	811
629	987
630	53
630	220
630	300
630	378
630	383
630	461
630	611
631	17
631	102
631	114
631	450
631	624
631	717
632	143
632	229
632	321
633	758
633	783
633	860
634	383
634	483
634	635
634	832
634	858
635	21
635	376
635	453
635	490
635	515
635	634
635	769
635	812
635	842
636	133
636	293
636	714
637	32
637	37
637	55
637	235
637	297
637	337
637	358
637	523
637	603
637	606
637	694
637	785
637	831
637	893
638	627
638	654
638	729
638	781
639	354
639	624
639	789
640	30
640	138
640	193
640	840
641	16
641	418
641	846
642	516
642	614
642	954
642	995
643	80
643	142
643	616
644	57
644	86
644	309
644	345
644	374
644	755
644	774
644	931
645	163
645	195
645	210
645	412
645	461
646	31
646	984
646	999
647	10
647	33
647	454
647	672
648	267
648	310
648	559
648	951
648	952
649	298
649	562
649	757
649	830
649	915
650	236
650	327
650	414
650	461
650	827
651	96
651	160
651	229
651	562
651	700
651	936
652	334
652	574
652	886
653	20
653	219
653	468
654	586
654	638
654	781
654	817
654	833
654	950
655	126
655	355
655	865
655	962
656	400
656	541
656	582
656	995
657	243
657	469
657	506
657	575
657	613
657	668
657	786
657	795
658	415
658	441
658	860
659	378
659	570
659	696
660	272
660	379
660	445
661	597
661	723
661	805
661	936
662	365
662	481
662	710
662	760
662	764
663	32
663	430
663	603
664	23
664	55
664	156
664	167
664	223
664	249
664	383
665	525
665	542
665	970
666	16
666	87
666	193
666	273
666	521
666	556
666	704
666	808
667	241
667	535
667	688
668	288
668	291
668	432
668	550
668	657
668	686
668	795
668	811
668	847
668	856
668	867
669	57
669	345
669	590
669	912
670	74
670	359
670	921
671	36
671	435
671	494
671	585
672	576
672	647
672	704
673	66
673	92
673	224
674	232
674	310
674	396
675	177
675	295
675	746
675	916
676	405
676	488
676	576
676	907
677	173
677	259
677	320
677	433
677	789
677	978
678	49
678	176
678	254
679	292
679	527
679	937
679	968
680	118
680	310
680	392
681	39
681	44
681	581
681	870
681	970
682	213
682	239
682	319
682	375
682	417
682	486
682	544
682	842
682	981
683	149
683	255
683	413
683	797
683	865
683	917
683	954
683	982
684	200
684	331
684	449
684	517
684	745
684	763
684	952
685	36
685	134
685	409
685	898
685	1000
686	27
686	48
686	103
686	172
686	302
686	429
686	431
686	575
686	619
686	668
686	731
686	786
686	795
686	897
686	957
687	126
687	522
687	765
688	51
688	117
688	154
688	241
688	451
688	535
688	601
688	667
688	698
688	699
688	851
688	902
688	913
689	207
689	310
689	896
690	118
690	315
690	427
690	604
690	692
691	355
691	419
691	534
691	703
692	121
692	427
692	690
693	195
693	300
693	731
694	34
694	484
694	522
694	637
694	707
694	801
694	825
695	377
695	387
695	974
696	659
696	705
696	781
697	126
697	165
697	825
698	118
698	198
698	308
698	688
699	440
699	601
699	688
699	783
700	12
700	414
700	651
700	701
700	705
700	758
700	878
701	700
701	705
701	781
702	114
702	266
702	824
703	126
703	355
703	691
704	10
704	30
704	59
704	87
704	193
704	273
704	314
704	358
704	418
704	423
704	470
704	547
704	666
704	672
704	719
704	816
705	152
705	324
705	367
705	607
705	696
705	700
705	701
705	781
706	374
706	428
706	710
707	212
707	355
707	694
708	10
708	273
708	543
708	547
708	747
708	846
709	19
709	51
709	143
709	153
709	230
709	440
709	783
709	860
710	127
710	513
710	662
710	706
711	464
711	503
711	594
711	968
712	336
712	444
712	543
713	129
713	198
713	233
713	572
713	596
713	964
713	995
714	104
714	125
714	490
714	517
714	518
714	588
714	636
714	745
714	823
714	952
714	980
715	213
715	222
715	401
716	508
716	892
716	994
717	266
717	631
717	958
718	23
718	167
718	202
718	383
718	453
718	838
719	111
719	314
719	418
719	543
719	704
719	886
720	56
720	64
720	567
720	866
720	868
720	938
721	520
721	525
721	542
721	734
721	970
722	38
722	105
722	790
723	160
723	229
723	321
723	661
723	781
723	835
723	934
723	936
724	147
724	209
724	250
724	528
724	726
724	762
724	791
725	201
725	259
725	592
725	593
725	789
725	995
726	4
726	105
726	109
726	250
726	288
726	381
726	408
726	724
726	754
726	759
726	762
726	807
726	876
726	905
726	925
726	995
727	134
727	136
727	251
727	299
727	991
728	210
728	263
728	377
728	384
728	531
729	70
729	139
729	382
729	638
729	857
729	878
730	544
730	575
730	870
731	264
731	431
731	686
731	693
731	795
731	870
732	270
732	755
732	827
733	259
733	354
733	511
733	824
733	995
734	24
734	61
734	76
734	135
734	144
734	154
734	429
734	565
734	571
734	573
734	617
734	721
734	735
734	775
734	819
734	824
734	903
734	918
734	969
734	993
735	734
735	857
735	878
736	123
736	260
736	391
737	181
737	196
737	224
737	745
737	752
737	884
737	990
738	114
738	369
738	442
738	958
739	53
739	163
739	191
740	40
740	183
740	537
740	748
740	974
741	49
741	337
741	515
742	195
742	278
742	611
742	623
743	100
743	754
743	826
744	379
744	784
744	974
745	85
745	125
745	200
745	238
745	306
745	326
745	490
745	684
745	714
745	737
745	823
745	952
746	54
746	77
746	237
746	244
746	271
746	275
746	447
746	485
746	675
746	864
746	872
746	919
746	935
746	973
746	984
747	1
747	708
747	973
748	67
748	458
748	479
748	740
748	775
749	34
749	57
749	332
749	755
750	167
750	502
750	899
751	295
751	755
751	916
751	973
751	999
752	140
752	568
752	737
752	933
753	117
753	213
753	239
753	401
753	470
753	492
753	929
753	952
753	981
754	174
754	330
754	356
754	365
754	386
754	397
754	481
754	505
754	546
754	608
754	614
754	726
754	743
754	844
754	894
755	1
755	57
755	86
755	151
755	171
755	331
755	332
755	345
755	445
755	592
755	644
755	732
755	749
755	751
755	827
755	910
756	2
756	225
756	942
757	197
757	499
757	562
757	649
757	828
758	70
758	367
758	603
758	633
758	700
758	781
759	250
759	395
759	726
759	762
760	556
760	608
760	662
761	259
761	965
761	992
762	39
762	71
762	77
762	105
762	288
762	528
762	596
762	724
762	726
762	759
762	778
762	799
762	805
762	806
762	876
762	925
762	989
763	17
763	517
763	684
763	818
764	356
764	477
764	481
764	556
764	662
764	893
765	190
765	355
765	390
765	534
765	687
766	103
766	774
766	795
767	177
767	254
767	627
767	873
768	143
768	361
768	841
769	57
769	411
769	635
769	812
769	842
770	234
770	474
770	867
771	143
771	772
771	884
772	92
772	357
772	771
773	140
773	328
773	576
774	57
774	104
774	307
774	432
774	445
774	644
774	766
775	135
775	429
775	443
775	571
775	617
775	734
775	748
775	840
775	923
776	23
776	576
776	933
777	118
777	198
777	822
778	91
778	762
778	791
778	945
779	26
779	106
779	552
779	898
779	908
779	964
780	284
780	415
780	789
780	880
781	178
781	382
781	398
781	583
781	597
781	607
781	638
781	654
781	696
781	701
781	705
781	723
781	758
781	804
781	857
781	965
781	968
781	992
782	41
782	198
782	822
783	51
783	154
783	230
783	241
783	415
783	422
783	438
783	500
783	535
783	601
783	611
783	633
783	699
783	709
783	854
783	860
783	913
784	159
784	744
784	897
785	341
785	358
785	515
785	637
785	893
786	243
786	264
786	529
786	657
786	686
787	37
787	236
787	520
787	525
787	581
787	970
788	6
788	495
788	912
789	195
789	203
789	214
789	259
789	304
789	343
789	415
789	639
789	677
789	725
789	780
789	948
789	984
789	995
790	77
790	186
790	295
790	342
790	722
790	900
790	919
790	968
790	973
791	9
791	288
791	724
791	778
792	407
792	539
792	582
792	611
792	843
793	520
793	525
793	954
794	169
794	218
794	926
795	96
795	208
795	232
795	482
795	613
795	657
795	668
795	686
795	731
795	766
795	867
795	870
796	365
796	798
796	979
797	255
797	274
797	614
797	683
797	807
797	865
797	879
798	25
798	158
798	505
798	796
798	981
799	4
799	762
799	876
800	182
800	296
800	449
801	61
801	534
801	694
802	7
802	28
802	206
802	330
802	355
802	425
802	508
802	528
802	588
802	595
802	861
802	892
803	291
803	518
803	823
803	951
803	967
803	980
804	37
804	388
804	781
805	288
805	381
805	661
805	762
805	854
805	913
806	420
806	762
806	895
807	63
807	90
807	111
807	140
807	216
807	233
807	329
807	362
807	516
807	524
807	538
807	726
807	797
807	836
807	862
807	865
807	943
807	946
807	954
807	982
808	30
808	59
808	666
809	26
809	80
809	244
809	308
809	439
809	552
809	912
809	998
810	85
810	125
810	346
811	208
811	217
811	629
811	668
812	55
812	635
812	769
812	858
813	126
813	206
813	218
814	271
814	369
814	534
815	12
815	73
815	83
815	311
815	503
815	570
815	829
815	968
816	118
816	161
816	198
816	704
816	930
816	949
817	160
817	304
817	654
817	833
817	891
818	105
818	232
818	471
818	763
819	429
819	617
819	734
820	133
820	267
820	624
820	885
820	887
821	30
821	139
821	928
822	166
822	611
822	777
822	782
823	5
823	396
823	714
823	745
823	803
823	863
823	907
823	952
824	7
824	20
824	74
824	95
824	102
824	173
824	312
824	702
824	733
824	734
824	834
825	355
825	694
825	697
826	365
826	743
826	979
827	650
827	732
827	755
828	140
828	148
828	187
828	576
828	757
828	849
828	859
828	909
828	932
828	933
828	937
829	82
829	100
829	188
829	450
829	503
829	815
829	987
830	26
830	62
830	89
830	298
830	325
830	377
830	407
830	412
830	499
830	562
830	584
830	600
830	649
830	838
830	848
830	869
831	180
831	430
831	515
831	536
831	562
831	603
831	606
831	637
831	970
832	167
832	250
832	634
833	132
833	382
833	565
833	654
833	817
834	74
834	440
834	442
834	824
834	883
835	250
835	288
835	723
836	284
836	415
836	807
837	53
837	195
837	263
837	339
837	387
837	414
837	567
837	959
837	997
838	301
838	325
838	412
838	718
838	830
839	214
839	239
839	373
839	470
840	10
840	30
840	139
840	434
840	444
840	640
840	775
840	986
841	110
841	130
841	146
841	224
841	585
841	602
841	768
841	884
842	21
842	55
842	88
842	156
842	197
842	376
842	397
842	411
842	421
842	560
842	635
842	682
842	769
843	53
843	461
843	792
844	158
844	482
844	541
844	754
845	250
845	310
845	925
846	10
846	314
846	641
846	708
846	955
847	208
847	668
847	867
848	584
848	830
848	925
849	140
849	828
849	933
850	183
850	201
850	379
850	537
851	230
851	378
851	688
851	860
852	82
852	262
852	419
852	464
852	968
853	79
853	93
853	219
854	141
854	783
854	805
855	77
855	916
855	919
855	973
856	256
856	345
856	459
856	668
856	867
857	209
857	583
857	607
857	729
857	735
857	781
857	936
858	376
858	560
858	600
858	634
858	812
859	140
859	828
859	933
860	451
860	533
860	535
860	633
860	658
860	709
860	783
860	851
861	595
861	802
861	974
862	90
862	216
862	807
862	946
863	109
863	312
863	399
863	823
863	938
864	1
864	123
864	746
864	872
864	919
865	63
865	90
865	111
865	189
865	255
865	274
865	316
865	347
865	413
865	424
865	516
865	610
865	655
865	683
865	797
865	807
865	937
865	946
865	973
865	982
866	94
866	113
866	162
866	245
866	291
866	526
866	720
866	874
866	949
867	103
867	144
867	185
867	459
867	475
867	575
867	613
867	668
867	770
867	795
867	847
867	856
868	529
868	720
868	977
869	202
869	298
869	410
869	483
869	600
869	830
870	47
870	63
870	72
870	208
870	475
870	579
870	681
870	730
870	731
870	795
871	143
871	545
871	618
871	990
872	516
872	746
872	864
872	934
873	234
873	569
873	767
873	945
874	193
874	268
874	454
874	866
875	433
875	476
875	496
875	593
876	250
876	381
876	726
876	762
876	799
876	936
876	989
877	1
877	101
877	225
878	178
878	700
878	729
878	735
879	45
879	406
879	419
879	472
879	797
879	949
879	961
880	275
880	780
880	971
881	183
881	379
881	458
881	974
882	419
882	426
882	436
883	395
883	834
883	966
884	69
884	81
884	92
884	143
884	245
884	344
884	375
884	431
884	489
884	513
884	737
884	771
884	841
884	989
885	232
885	310
885	409
885	820
886	10
886	361
886	388
886	501
886	652
886	719
887	19
887	820
887	951
888	137
888	189
888	336
888	911
889	56
889	291
889	436
890	68
890	579
890	990
891	209
891	321
891	817
892	218
892	628
892	716
892	802
893	289
893	303
893	337
893	394
893	430
893	497
893	573
893	606
893	637
893	764
893	785
894	27
894	102
894	356
894	365
894	754
895	71
895	91
895	250
895	370
895	806
895	989
896	207
896	396
896	459
896	689
897	183
897	479
897	537
897	686
897	784
898	6
898	685
898	779
899	298
899	566
899	599
899	750
899	914
900	163
900	485
900	790
901	151
901	189
901	324
901	336
901	416
901	507
901	933
902	315
902	688
902	915
902	942
903	61
903	130
903	144
903	429
903	505
903	571
903	734
903	918
903	969
903	993
904	11
904	352
904	391
904	991
905	4
905	105
905	140
905	726
906	150
906	266
906	966
907	140
907	488
907	568
907	576
907	676
907	823
908	26
908	142
908	420
908	779
908	960
909	21
909	828
909	933
910	57
910	122
910	309
910	345
910	445
910	755
911	79
911	137
911	189
911	226
911	257
911	324
911	387
911	398
911	888
912	142
912	407
912	420
912	552
912	669
912	788
912	809
913	688
913	783
913	805
914	177
914	525
914	899
915	121
915	265
915	365
915	427
915	493
915	549
915	575
915	604
915	649
915	902
915	942
916	31
916	46
916	237
916	342
916	431
916	455
916	608
916	675
916	751
916	855
916	919
916	924
916	935
917	221
917	260
917	391
917	393
917	683
918	185
918	561
918	734
918	903
919	1
919	78
919	83
919	368
919	369
919	447
919	609
919	746
919	790
919	855
919	864
919	916
920	477
920	481
920	546
921	358
921	466
921	670
922	40
922	429
922	985
923	429
923	458
923	617
923	775
924	10
924	237
924	351
924	916
924	984
925	4
925	288
925	408
925	528
925	726
925	762
925	845
925	848
925	962
925	989
926	229
926	480
926	588
926	595
926	794
927	43
927	273
927	514
928	54
928	409
928	821
929	56
929	222
929	753
930	149
930	210
930	816
930	964
931	203
931	476
931	644
931	995
932	405
932	576
932	828
933	120
933	140
933	148
933	247
933	281
933	355
933	488
933	568
933	752
933	776
933	828
933	849
933	859
933	901
933	909
934	1
934	52
934	723
934	872
934	999
935	485
935	746
935	916
936	12
936	142
936	229
936	651
936	661
936	723
936	857
936	876
936	965
937	18
937	257
937	318
937	324
937	507
937	679
937	828
937	865
938	473
938	720
938	863
939	383
939	411
939	474
940	26
940	353
940	552
941	118
941	169
941	198
941	392
941	988
942	2
942	121
942	323
942	756
942	902
942	915
943	90
943	614
943	807
944	279
944	322
944	335
945	234
945	778
945	873
946	255
946	371
946	604
946	807
946	862
946	865
947	255
947	281
947	347
948	275
948	415
948	789
949	9
949	56
949	170
949	231
949	419
949	816
949	866
949	879
950	238
950	654
950	980
951	81
951	141
951	200
951	293
951	648
951	803
951	887
952	5
952	81
952	232
952	310
952	359
952	364
952	552
952	590
952	648
952	684
952	714
952	745
952	753
952	823
953	286
953	496
953	506
954	642
954	683
954	793
954	807
955	75
955	100
955	341
955	503
955	846
956	11
956	323
956	393
956	594
956	991
957	96
957	302
957	686
958	93
958	219
958	576
958	717
958	738
959	129
959	837
959	964
960	49
960	177
960	908
961	116
961	170
961	293
961	436
961	879
962	126
962	390
962	655
962	925
963	282
963	429
963	552
964	129
964	386
964	389
964	392
964	585
964	596
964	713
964	779
964	930
964	959
964	988
965	140
965	761
965	781
965	936
966	883
966	906
966	991
967	306
967	375
967	519
967	803
968	33
968	38
968	83
968	146
968	341
968	450
968	464
968	540
968	594
968	679
968	711
968	781
968	790
968	815
968	852
969	135
969	144
969	425
969	429
969	571
969	573
969	611
969	617
969	734
969	903
970	39
970	88
970	370
970	388
970	530
970	542
970	581
970	587
970	665
970	681
970	721
970	787
970	831
971	77
971	368
971	880
972	215
972	336
972	448
973	31
973	52
973	77
973	145
973	186
973	271
973	333
973	351
973	455
973	575
973	593
973	609
973	746
973	747
973	751
973	790
973	855
973	865
973	984
973	999
974	89
974	159
974	175
974	183
974	187
974	272
974	402
974	458
974	537
974	625
974	695
974	740
974	744
974	861
974	881
975	198
975	233
975	494
976	163
976	210
976	343
976	378
976	414
976	595
976	611
977	291
977	367
977	868
978	322
978	400
978	606
978	677
978	995
979	174
979	482
979	796
979	826
980	26
980	133
980	293
980	498
980	518
980	714
980	803
980	950
981	117
981	401
981	417
981	469
981	682
981	753
981	798
982	298
982	516
982	683
982	807
982	865
983	165
983	178
983	355
983	390
984	46
984	186
984	237
984	401
984	447
984	646
984	746
984	789
984	924
984	973
985	601
985	922
985	991
986	193
986	424
986	554
986	840
987	254
987	558
987	629
987	829
988	108
988	198
988	396
988	941
988	964
989	22
989	245
989	246
989	250
989	288
989	598
989	762
989	876
989	884
989	895
989	925
990	58
990	245
990	552
990	737
990	871
990	890
991	52
991	179
991	463
991	727
991	904
991	956
991	966
991	985
991	1000
992	209
992	761
992	781
993	135
993	415
993	734
993	903
994	181
994	269
994	375
994	428
994	489
994	621
994	716
995	214
995	279
995	286
995	354
995	476
995	518
995	541
995	592
995	593
995	642
995	656
995	713
995	725
995	726
995	733
995	789
995	931
995	978
996	138
996	387
996	567
997	57
997	112
997	837
998	26
998	142
998	809
999	122
999	369
999	578
999	646
999	751
999	934
999	973
1000	260
1000	276
1000	685
1000	991
