1	29
1	170
1	475
2	23
2	223
2	275
2	364
3	117
3	190
3	232
3	272
3	325
3	360
3	396
4	6
4	37
4	45
4	70
4	81
4	106
4	144
4	218
4	238
4	266
4	295
4	319
4	347
4	441
5	59
5	67
5	432
6	4
6	8
6	75
6	84
6	89
6	106
6	112
6	113
6	166
6	185
6	233
6	248
6	254
6	273
6	370
6	416
6	429
6	488
6	496
7	75
7	108
7	281
7	375
7	413
7	447
7	460
7	485
8	6
8	80
8	101
8	144
8	242
8	248
8	254
9	24
9	280
9	459
9	494
10	82
10	129
10	221
10	442
10	459
11	267
11	307
11	411
12	205
12	367
12	377
13	209
13	288
13	360
13	473
14	207
14	469
14	483
15	207
15	330
15	344
15	458
15	469
15	478
16	61
16	107
16	269
17	44
17	68
17	146
17	169
17	182
17	323
17	375
18	29
18	67
18	80
18	132
18	179
18	328
18	342
19	145
19	165
19	173
19	226
19	261
19	369
19	393
20	101
20	270
20	347
21	269
21	327
21	337
21	343
22	204
22	322
22	394
22	419
22	424
23	2
23	256
23	382
23	492
24	9
24	133
24	212
24	280
24	352
24	362
24	422
24	459
24	494
25	70
25	72
25	101
25	113
25	141
25	254
25	266
25	319
25	325
25	364
25	429
25	467
25	495
26	80
26	327
26	344
27	145
27	226
27	263
27	396
27	467
28	43
28	189
28	257
28	289
28	390
28	404
28	432
29	1
29	18
29	33
29	59
29	67
29	80
29	111
29	158
29	170
29	175
29	238
29	298
29	327
29	328
29	356
29	495
30	48
30	214
30	242
30	264
30	442
30	469
31	86
31	288
31	301
32	155
32	173
32	272
32	280
32	317
32	360
32	467
33	29
33	80
33	375
34	91
34	161
34	276
34	304
34	377
35	420
35	465
35	479
36	61
36	71
36	148
36	160
36	262
36	269
36	343
37	4
37	62
37	106
37	248
37	319
37	357
37	408
37	412
38	228
38	231
38	254
38	353
38	393
39	82
39	310
39	376
40	80
40	154
40	170
40	233
40	238
40	277
40	298
40	327
41	106
41	113
41	227
41	242
41	248
41	295
41	325
41	347
41	389
41	440
42	89
42	366
42	489
43	28
43	90
43	102
43	183
43	188
43	326
43	367
43	372
43	376
43	404
43	432
43	455
43	494
44	17
44	147
44	361
44	370
44	375
45	4
45	141
45	185
45	319
45	437
46	304
46	342
46	424
47	164
47	262
47	263
47	370
48	30
48	136
48	292
49	109
49	246
49	407
49	417
49	474
50	80
50	206
50	343
51	112
51	457
51	479
52	341
52	371
52	405
53	94
53	100
53	180
53	206
53	247
53	334
53	385
53	386
53	394
53	399
53	482
54	184
54	197
54	236
54	459
55	269
55	337
55	343
55	494
56	405
56	434
56	461
57	80
57	179
57	241
58	147
58	155
58	243
58	394
59	5
59	29
59	80
59	111
59	273
59	495
60	153
60	296
60	307
60	468
61	16
61	36
61	89
61	107
61	206
62	37
62	86
62	140
62	207
62	209
62	288
62	354
62	473
63	377
63	389
63	427
64	108
64	156
64	490
65	127
65	357
65	429
66	257
66	441
66	454
66	461
67	5
67	18
67	29
67	80
67	106
67	111
67	327
67	464
68	17
68	115
68	153
69	75
69	380
69	411
69	465
69	479
70	4
70	25
70	449
71	36
71	73
71	100
71	114
71	154
71	195
71	208
71	210
71	222
71	276
71	293
71	324
71	327
71	398
71	468
71	492
72	25
72	138
72	231
72	314
72	384
72	474
73	71
73	97
73	122
73	350
73	385
73	386
73	496
74	133
74	290
74	415
75	6
75	7
75	69
75	78
75	109
75	344
75	373
75	401
75	407
75	425
75	479
76	97
76	180
76	438
77	142
77	157
77	195
77	221
77	274
77	276
77	403
78	75
78	120
78	149
78	380
78	443
78	457
79	162
79	204
79	398
79	399
80	8
80	18
80	26
80	29
80	33
80	40
80	50
80	57
80	59
80	67
80	111
80	170
80	179
80	203
80	327
81	4
81	96
81	101
82	10
82	39
82	208
82	221
82	224
82	236
82	280
82	304
82	404
82	422
82	459
82	494
83	206
83	269
83	343
83	500
84	6
84	127
84	147
85	92
85	257
85	405
85	454
86	31
86	62
86	132
86	245
86	301
86	366
86	377
87	100
87	159
87	342
88	227
88	276
88	331
88	342
88	398
89	6
89	42
89	61
89	98
89	141
89	248
89	252
89	323
89	364
90	43
90	229
90	283
90	344
91	34
91	278
91	282
91	349
91	377
91	389
92	85
92	140
92	301
93	163
93	188
93	216
93	326
93	497
94	53
94	147
94	218
94	247
94	351
95	144
95	163
95	165
95	181
95	191
95	192
95	235
95	284
95	326
96	81
96	250
96	432
97	73
97	76
97	153
97	385
97	399
97	482
98	89
98	127
98	325
99	116
99	123
99	446
100	53
100	71
100	87
100	468
101	8
101	20
101	25
101	81
101	106
101	144
101	160
101	185
101	204
101	254
101	266
101	273
101	356
101	363
101	364
101	387
101	416
101	429
101	488
102	43
102	283
102	328
103	258
103	288
103	409
104	108
104	118
104	173
104	397
104	412
104	485
105	187
105	257
105	441
105	454
106	4
106	6
106	37
106	41
106	67
106	101
106	113
106	185
106	230
106	233
106	242
106	254
106	266
106	273
106	334
106	408
106	416
106	454
106	494
107	16
107	61
107	206
107	269
107	432
107	500
108	7
108	64
108	104
108	156
108	292
108	338
108	458
108	485
109	49
109	75
109	344
109	407
109	424
109	479
110	117
110	170
110	211
110	493
111	29
111	59
111	67
111	80
111	137
111	352
111	381
111	459
111	493
112	6
112	51
112	182
112	344
112	373
112	407
112	443
112	479
113	6
113	25
113	41
113	106
113	266
113	347
113	387
113	463
114	71
114	305
114	406
114	449
114	468
114	485
115	68
115	117
115	164
115	467
116	99
116	226
116	240
116	265
116	361
116	387
117	3
117	110
117	115
117	125
117	143
117	198
117	226
117	232
117	261
117	326
117	369
117	376
117	387
117	426
117	444
117	446
117	466
118	104
118	241
118	318
118	368
118	413
118	447
119	130
119	320
119	370
120	78
120	339
120	344
120	373
120	388
121	234
121	249
121	274
122	73
122	333
122	399
122	440
123	99
123	125
123	396
124	266
124	319
124	492
125	117
125	123
125	131
125	143
125	265
126	253
126	280
126	494
127	65
127	84
127	98
127	144
127	482
128	231
128	341
128	353
128	358
129	10
129	236
129	434
130	119
130	153
130	409
130	411
131	125
131	161
131	377
131	491
132	18
132	86
132	151
132	215
132	259
132	288
133	24
133	74
133	199
133	226
133	285
133	363
133	387
134	333
134	385
134	439
135	161
135	224
135	304
135	374
135	377
135	389
136	48
136	429
136	469
137	111
137	327
137	329
138	72
138	291
138	371
139	241
139	292
139	490
140	62
140	92
140	463
140	473
141	25
141	45
141	89
141	319
141	384
142	77
142	143
142	467
143	117
143	125
143	142
143	199
143	226
143	276
143	346
143	467
144	4
144	8
144	95
144	101
144	127
144	166
144	185
144	288
144	319
144	347
144	348
144	356
145	19
145	27
145	272
145	366
145	387
145	467
146	17
146	208
146	213
146	223
146	410
147	44
147	58
147	84
147	94
147	178
147	204
147	385
147	399
147	496
148	36
148	329
148	400
149	78
149	321
149	478
150	161
150	278
150	383
150	424
151	132
151	176
151	209
151	288
151	307
151	366
151	377
151	463
151	473
152	271
152	460
152	490
153	60
153	68
153	97
153	130
153	187
153	262
153	272
153	307
153	370
153	409
153	491
154	40
154	71
154	324
155	32
155	58
155	396
156	64
156	108
156	333
156	412
156	490
157	77
157	262
157	448
157	468
158	29
158	202
158	225
158	262
158	358
158	375
159	87
159	195
159	240
159	293
159	410
159	427
159	432
160	36
160	101
160	343
161	34
161	131
161	135
161	150
161	205
161	225
161	229
161	278
161	304
161	377
161	424
161	438
162	79
162	247
162	299
162	379
163	93
163	95
163	188
163	256
163	340
164	47
164	115
164	186
164	219
164	320
164	411
164	468
164	499
165	19
165	95
165	216
165	283
165	432
165	455
166	6
166	144
166	284
166	356
167	257
167	405
167	461
168	269
168	308
168	329
169	17
169	174
169	307
170	1
170	29
170	40
170	80
170	110
170	268
170	277
170	298
170	327
170	352
170	353
170	381
170	397
170	433
170	475
170	495
171	407
171	426
171	443
172	257
172	414
172	491
173	19
173	32
173	104
174	169
174	323
174	348
175	29
175	323
175	375
175	428
176	151
176	259
176	288
177	192
177	428
177	489
178	147
178	299
178	399
178	469
179	18
179	57
179	80
179	463
180	53
180	76
180	419
181	95
181	234
181	289
182	17
182	112
182	187
182	192
183	43
183	229
183	363
183	372
183	462
184	54
184	308
184	422
185	6
185	45
185	101
185	106
185	144
185	266
185	479
186	164
186	323
186	375
187	105
187	153
187	182
187	225
187	323
187	361
187	370
187	399
188	43
188	93
188	163
188	234
188	250
188	257
188	326
188	455
189	28
189	190
189	257
189	405
190	3
190	189
190	405
190	454
191	95
191	220
191	226
191	250
191	279
191	311
191	345
191	432
192	95
192	177
192	182
192	250
192	262
192	348
192	375
193	213
193	398
193	410
193	413
194	262
194	465
194	491
195	71
195	77
195	159
195	208
195	261
195	274
195	407
195	497
196	212
196	459
196	494
197	54
197	241
197	292
198	117
198	421
198	444
199	133
199	143
199	285
199	304
199	467
200	229
200	283
200	311
200	367
201	223
201	276
201	410
201	443
201	468
202	158
202	225
202	243
203	80
203	224
203	280
203	459
204	22
204	79
204	101
204	147
204	399
205	12
205	161
205	217
205	251
205	347
206	50
206	53
206	61
206	83
206	107
206	252
206	269
206	270
206	308
206	329
206	337
206	407
206	500
207	14
207	15
207	62
207	321
207	458
207	481
208	71
208	82
208	146
208	195
208	213
208	215
208	227
208	276
208	342
208	382
209	13
209	62
209	151
209	255
209	455
210	71
210	276
210	410
210	484
211	110
211	260
211	327
212	24
212	196
212	221
213	146
213	193
213	208
213	237
213	272
213	330
213	391
213	449
214	30
214	399
214	481
215	132
215	208
215	245
215	288
215	301
215	366
215	463
215	489
216	93
216	165
216	250
216	283
216	377
216	404
217	205
217	377
217	389
218	4
218	94
218	299
218	322
218	419
219	164
219	262
219	263
220	191
220	289
220	345
220	432
221	10
221	77
221	82
221	212
221	224
221	260
221	434
221	435
221	459
221	494
222	71
222	276
222	305
222	331
222	439
223	2
223	146
223	201
224	82
224	135
224	203
224	221
224	260
224	346
224	376
224	422
224	428
224	450
224	459
224	494
225	158
225	161
225	187
225	202
225	262
225	291
225	307
226	19
226	27
226	116
226	117
226	133
226	143
226	191
226	240
226	289
226	366
226	369
226	466
227	41
227	88
227	208
228	38
228	262
228	291
228	341
228	431
229	90
229	161
229	183
229	200
229	234
229	239
229	250
229	254
229	283
229	300
229	311
229	347
229	363
229	412
229	432
229	480
230	106
230	264
230	319
231	38
231	72
231	128
231	383
232	3
232	117
232	387
232	408
233	6
233	40
233	106
233	248
233	295
234	121
234	181
234	188
234	229
234	326
234	432
234	454
234	455
235	95
235	244
235	395
236	54
236	82
236	129
236	280
236	425
237	213
237	455
237	468
238	4
238	29
238	40
238	495
239	229
239	283
239	455
240	116
240	159
240	226
240	387
240	426
240	446
241	57
241	118
241	139
241	197
241	292
241	297
241	412
241	451
241	490
242	8
242	30
242	41
242	106
243	58
243	202
243	386
243	399
244	235
244	255
244	372
245	86
245	215
245	366
246	49
246	316
246	407
246	420
247	53
247	94
247	162
247	248
247	339
247	496
248	6
248	8
248	37
248	41
248	89
248	233
248	247
248	273
249	121
249	251
249	283
249	480
250	96
250	188
250	191
250	192
250	216
250	229
250	283
250	340
250	363
250	432
250	454
251	205
251	249
251	304
251	424
251	487
252	89
252	206
252	319
253	126
253	385
253	399
254	6
254	8
254	25
254	38
254	101
254	106
254	229
254	347
254	356
254	477
255	209
255	244
255	354
256	23
256	163
256	342
257	28
257	66
257	85
257	105
257	167
257	172
257	188
257	189
257	274
257	335
257	365
257	405
257	406
257	409
257	415
257	441
257	453
257	454
257	461
257	470
258	103
258	298
258	366
258	463
259	132
259	176
259	489
260	211
260	221
260	224
260	280
260	494
261	19
261	117
261	195
262	36
262	47
262	153
262	157
262	158
262	192
262	194
262	219
262	225
262	228
262	302
262	320
262	323
262	361
262	375
262	409
262	411
262	436
262	491
263	27
263	47
263	219
263	307
263	375
263	411
264	30
264	230
264	458
264	469
264	483
265	116
265	125
265	285
266	4
266	25
266	101
266	106
266	113
266	124
266	185
266	301
266	319
266	412
266	416
266	488
267	11
267	323
267	411
268	170
268	276
268	492
269	16
269	21
269	36
269	55
269	83
269	107
269	168
269	206
269	270
269	337
269	375
269	400
269	481
270	20
270	206
270	269
270	329
270	343
271	152
271	282
271	409
272	3
272	32
272	145
272	153
272	213
272	360
272	370
272	378
272	387
272	446
272	476
273	6
273	59
273	101
273	106
273	248
273	475
274	77
274	121
274	195
274	257
274	276
274	456
275	2
275	422
275	449
275	492
276	34
276	71
276	77
276	88
276	143
276	201
276	208
276	210
276	222
276	268
276	274
276	331
276	410
276	418
276	431
276	449
276	468
277	40
277	170
277	328
277	493
278	91
278	150
278	161
278	377
279	191
279	412
279	413
280	9
280	24
280	32
280	82
280	126
280	203
280	236
280	260
280	362
280	422
280	459
280	466
280	469
280	494
281	7
281	292
281	297
281	368
281	405
282	91
282	271
282	307
283	90
283	102
283	165
283	200
283	216
283	229
283	239
283	249
283	250
283	284
283	294
283	303
283	343
283	363
283	392
283	432
283	455
284	95
284	166
284	283
284	432
284	455
285	133
285	199
285	265
285	405
286	353
286	371
286	392
287	318
287	341
287	353
287	393
288	13
288	31
288	62
288	103
288	132
288	144
288	151
288	176
288	215
288	322
288	354
288	366
288	402
288	421
288	436
289	28
289	181
289	220
289	226
289	326
290	74
290	346
290	461
290	466
291	138
291	225
291	228
291	341
291	383
291	430
291	462
292	48
292	108
292	139
292	197
292	241
292	281
292	297
292	368
292	402
292	412
292	413
292	416
292	418
292	423
292	435
292	447
292	451
292	485
293	71
293	159
293	410
294	283
294	350
294	399
295	4
295	41
295	233
295	405
296	60
296	375
296	491
297	241
297	281
297	292
297	460
298	29
298	40
298	170
298	258
299	162
299	178
299	218
299	303
300	229
300	303
300	311
300	320
300	455
301	31
301	86
301	92
301	215
301	266
302	262
302	307
302	375
303	283
303	299
303	300
303	340
304	34
304	46
304	82
304	135
304	161
304	199
304	251
304	349
304	377
304	438
305	114
305	222
305	468
306	323
306	409
306	430
307	11
307	60
307	151
307	153
307	169
307	225
307	263
307	282
307	302
307	323
307	353
307	358
307	370
307	375
307	409
307	444
308	168
308	184
308	206
308	400
309	313
309	378
309	384
309	430
309	452
310	39
310	426
310	444
311	191
311	200
311	229
311	300
311	446
311	455
312	371
312	417
312	430
313	309
313	369
313	371
313	384
314	72
314	351
314	359
315	330
315	382
315	483
316	246
316	380
316	407
317	32
317	448
317	467
318	118
318	287
318	417
318	431
319	4
319	25
319	37
319	45
319	124
319	141
319	144
319	230
319	252
319	266
319	347
319	374
319	432
320	119
320	164
320	262
320	300
321	149
321	207
321	469
322	22
322	218
322	288
322	339
323	17
323	89
323	174
323	175
323	186
323	187
323	262
323	267
323	306
323	307
323	324
323	375
323	413
323	433
323	472
324	71
324	154
324	323
324	403
324	468
325	3
325	25
325	41
325	98
326	43
326	93
326	95
326	117
326	188
326	234
326	289
326	390
326	402
327	21
327	26
327	29
327	40
327	67
327	71
327	80
327	137
327	170
327	211
327	352
327	361
327	397
327	495
328	18
328	29
328	102
328	277
329	137
329	148
329	168
329	206
329	270
330	15
330	213
330	315
330	442
330	478
331	88
331	222
331	276
331	355
331	359
331	398
331	410
331	479
331	492
332	341
332	353
332	373
332	392
333	122
333	134
333	156
333	379
334	53
334	106
334	395
334	399
335	257
335	415
335	441
336	392
336	431
336	446
336	498
337	21
337	55
337	206
337	269
337	451
338	108
338	412
338	435
338	499
339	120
339	247
339	322
340	163
340	250
340	303
341	52
341	128
341	228
341	287
341	291
341	332
341	371
341	379
341	393
341	490
342	18
342	46
342	87
342	88
342	208
342	256
342	382
342	398
342	418
342	449
342	468
343	21
343	36
343	50
343	55
343	83
343	160
343	270
343	283
344	15
344	26
344	75
344	90
344	109
344	112
344	120
344	401
344	407
344	443
344	474
345	191
345	220
345	357
346	143
346	224
346	290
346	378
346	467
346	476
347	4
347	20
347	41
347	113
347	144
347	205
347	229
347	254
347	319
347	416
347	471
347	477
347	478
348	144
348	174
348	192
348	409
349	91
349	304
349	354
350	73
350	294
350	394
351	94
351	314
351	353
352	24
352	111
352	170
352	327
353	38
353	128
353	170
353	286
353	287
353	307
353	332
353	351
353	417
353	452
353	462
354	62
354	255
354	288
354	349
354	421
354	463
355	331
355	382
355	470
356	29
356	101
356	144
356	166
356	254
356	408
357	37
357	65
357	345
358	128
358	158
358	307
359	314
359	331
359	431
359	462
359	498
360	3
360	13
360	32
360	272
360	467
361	44
361	116
361	187
361	262
361	327
361	411
362	24
362	280
362	459
363	101
363	133
363	183
363	229
363	250
363	283
364	2
364	25
364	89
364	101
364	445
365	257
365	405
365	415
365	454
366	42
366	86
366	145
366	151
366	215
366	226
366	245
366	258
366	288
366	436
366	463
367	12
367	43
367	200
368	118
368	281
368	292
368	412
369	19
369	117
369	226
369	313
370	6
370	44
370	47
370	119
370	153
370	187
370	272
370	307
370	409
370	472
371	52
371	138
371	286
371	312
371	313
371	341
371	410
372	43
372	183
372	244
373	75
373	112
373	120
373	332
373	420
374	135
374	319
374	389
375	7
375	17
375	33
375	44
375	158
375	175
375	186
375	192
375	262
375	263
375	269
375	296
375	302
375	307
375	323
376	39
376	43
376	117
376	224
376	450
376	494
377	12
377	34
377	63
377	86
377	91
377	131
377	135
377	151
377	161
377	216
377	217
377	278
377	304
377	389
377	424
377	438
378	272
378	309
378	346
379	162
379	333
379	341
379	394
380	69
380	78
380	316
380	479
381	111
381	170
381	477
382	23
382	208
382	315
382	342
382	355
382	410
383	150
383	231
383	291
384	72
384	141
384	309
384	313
384	392
384	417
384	452
384	483
385	53
385	73
385	97
385	134
385	147
385	253
385	399
385	423
385	496
386	53
386	73
386	243
387	101
387	113
387	116
387	117
387	133
387	145
387	232
387	240
387	272
387	467
388	120
388	464
388	474
389	41
389	63
389	91
389	135
389	217
389	374
389	377
389	424
389	487
390	28
390	326
390	480
391	213
391	398
391	497
392	283
392	286
392	332
392	336
392	384
393	19
393	38
393	287
393	341
393	430
394	22
394	53
394	58
394	350
394	379
394	441
395	235
395	334
395	399
396	3
396	27
396	123
396	155
396	426
396	445
397	104
397	170
397	327
398	71
398	79
398	88
398	193
398	331
398	342
398	391
398	410
398	427
398	471
399	53
399	79
399	97
399	122
399	147
399	178
399	187
399	204
399	214
399	243
399	253
399	294
399	334
399	385
399	395
399	439
399	476
399	496
400	148
400	269
400	308
401	75
401	344
401	437
401	479
402	288
402	292
402	326
402	413
402	423
402	447
402	490
403	77
403	324
403	453
404	28
404	43
404	82
404	216
404	455
405	52
405	56
405	85
405	167
405	189
405	190
405	257
405	281
405	285
405	295
405	365
405	441
405	470
406	114
406	257
406	461
407	49
407	75
407	109
407	112
407	171
407	195
407	206
407	246
407	316
407	344
408	37
408	106
408	232
408	356
409	103
409	130
409	153
409	257
409	262
409	271
409	306
409	307
409	348
409	370
409	411
409	433
409	455
410	146
410	159
410	193
410	201
410	210
410	276
410	293
410	331
410	371
410	382
410	398
410	480
410	497
411	11
411	69
411	130
411	164
411	262
411	263
411	267
411	361
411	409
411	414
411	459
411	491
412	37
412	104
412	156
412	229
412	241
412	266
412	279
412	292
412	338
412	368
412	485
412	496
413	7
413	118
413	193
413	279
413	292
413	323
413	402
413	485
413	490
414	172
414	411
414	441
415	74
415	257
415	335
415	365
415	441
415	453
415	461
415	470
416	6
416	101
416	106
416	266
416	292
416	347
417	49
417	312
417	318
417	353
417	384
417	498
418	276
418	292
418	342
419	22
419	180
419	218
419	475
420	35
420	246
420	373
421	198
421	288
421	354
422	24
422	82
422	184
422	224
422	275
422	280
422	459
422	467
423	292
423	385
423	402
424	22
424	46
424	109
424	150
424	161
424	251
424	377
424	389
424	438
424	487
425	75
425	236
425	479
426	117
426	171
426	240
426	310
426	396
427	63
427	159
427	398
428	175
428	177
428	224
429	6
429	25
429	65
429	101
429	136
429	445
430	291
430	306
430	309
430	312
430	393
430	431
430	462
431	228
431	276
431	318
431	336
431	359
431	430
431	490
432	5
432	28
432	43
432	96
432	107
432	159
432	165
432	191
432	220
432	229
432	234
432	250
432	283
432	284
432	319
432	455
432	480
433	170
433	323
433	409
434	56
434	129
434	221
434	450
434	494
435	221
435	292
435	338
436	262
436	288
436	366
437	45
437	401
437	464
438	76
438	161
438	304
438	377
438	424
439	134
439	222
439	399
440	41
440	122
440	471
441	4
441	66
441	105
441	257
441	335
441	394
441	405
441	414
441	415
441	454
441	461
441	467
441	470
442	10
442	30
442	330
442	478
443	78
443	112
443	171
443	201
443	344
444	117
444	198
444	307
444	310
445	364
445	396
445	429
446	99
446	117
446	240
446	272
446	311
446	336
446	467
447	7
447	118
447	292
447	402
448	157
448	317
448	468
449	70
449	114
449	213
449	275
449	276
449	342
450	224
450	376
450	434
451	241
451	292
451	337
452	309
452	353
452	384
453	257
453	403
453	415
454	66
454	85
454	105
454	106
454	190
454	234
454	250
454	257
454	365
454	441
454	470
455	43
455	165
455	188
455	209
455	234
455	237
455	239
455	283
455	284
455	300
455	311
455	404
455	409
455	432
456	274
456	457
456	497
457	51
457	78
457	456
458	15
458	108
458	207
458	264
458	469
458	484
459	9
459	10
459	24
459	54
459	82
459	111
459	196
459	203
459	221
459	224
459	280
459	362
459	411
459	422
459	468
460	7
460	152
460	297
461	56
461	66
461	167
461	257
461	290
461	406
461	415
461	441
462	183
462	291
462	353
462	359
462	430
463	113
463	140
463	151
463	179
463	215
463	258
463	354
463	366
464	67
464	388
464	437
465	35
465	69
465	194
466	117
466	226
466	280
466	290
467	25
467	27
467	32
467	115
467	142
467	143
467	145
467	199
467	317
467	346
467	360
467	387
467	422
467	441
467	446
468	60
468	71
468	100
468	114
468	157
468	164
468	201
468	237
468	276
468	305
468	324
468	342
468	448
468	459
468	497
469	14
469	15
469	30
469	136
469	178
469	264
469	280
469	321
469	458
469	483
469	486
470	257
470	355
470	405
470	415
470	441
470	454
471	347
471	398
471	440
472	323
472	370
472	499
473	13
473	62
473	140
473	151
474	49
474	72
474	344
474	388
475	1
475	170
475	273
475	419
476	272
476	346
476	399
477	254
477	347
477	381
478	15
478	149
478	330
478	347
478	442
478	486
479	35
479	51
479	69
479	75
479	109
479	112
479	185
479	331
479	380
479	401
479	425
480	229
480	249
480	390
480	410
480	432
481	207
481	214
481	269
482	53
482	97
482	127
483	14
483	264
483	315
483	384
483	469
483	486
484	210
484	458
484	486
485	7
485	104
485	108
485	114
485	292
485	412
485	413
486	469
486	478
486	483
486	484
486	498
487	251
487	389
487	424
488	6
488	101
488	266
489	42
489	177
489	215
489	259
490	64
490	139
490	152
490	156
490	241
490	341
490	402
490	413
490	431
491	131
491	153
491	172
491	194
491	262
491	296
491	411
492	23
492	71
492	124
492	268
492	275
492	331
493	110
493	111
493	277
494	9
494	24
494	43
494	55
494	82
494	106
494	126
494	196
494	221
494	224
494	260
494	280
494	376
494	434
495	25
495	29
495	59
495	170
495	238
495	327
496	6
496	73
496	147
496	247
496	385
496	399
496	412
497	93
497	195
497	391
497	410
497	456
497	468
498	336
498	359
498	417
498	486
499	164
499	338
499	472
500	83
500	107
500	206
