1	264
1	377
1	383
1	419
2	312
2	371
2	377
2	459
3	175
3	202
3	210
3	221
3	232
3	238
3	240
3	241
3	245
3	256
3	267
3	284
3	294
3	349
3	443
3	447
3	490
4	60
4	236
4	347
4	472
5	67
5	385
5	422
5	452
6	48
6	136
6	244
6	361
6	408
6	427
6	471
6	477
7	42
7	128
7	214
7	231
7	242
7	258
7	264
7	353
7	462
7	466
8	336
8	378
8	383
8	423
9	74
9	181
9	368
9	404
9	485
10	150
10	159
10	251
10	272
10	291
10	324
10	334
11	24
11	47
11	66
11	126
11	135
11	148
11	198
11	219
11	280
11	281
11	283
11	297
11	408
11	428
11	445
11	477
12	96
12	154
12	246
12	262
12	410
12	411
12	433
12	450
13	60
13	141
13	356
13	363
14	82
14	132
14	181
14	231
14	334
14	374
15	49
15	77
15	160
15	181
15	187
15	213
15	260
15	374
15	485
16	326
16	342
16	352
16	426
16	500
17	74
17	91
17	235
17	364
18	111
18	377
18	383
18	430
18	456
19	24
19	97
19	471
19	477
20	50
20	279
20	321
20	358
20	444
21	159
21	179
21	252
21	457
21	479
22	341
22	357
22	382
22	473
23	100
23	112
23	123
23	230
23	251
23	263
23	486
24	11
24	19
24	66
24	145
24	219
24	317
25	183
25	244
25	337
25	427
25	451
25	480
26	38
26	69
26	72
26	89
26	218
26	279
26	308
26	329
27	56
27	101
27	193
27	329
27	450
28	145
28	163
28	283
28	297
28	336
29	54
29	114
29	118
29	174
29	370
29	450
29	460
29	491
30	67
30	72
30	166
30	172
30	193
30	199
30	226
30	329
30	436
30	495
31	110
31	271
31	323
31	410
32	53
32	82
32	181
32	187
32	319
32	364
32	409
33	85
33	137
33	236
33	406
33	455
34	51
34	217
34	351
34	401
35	153
35	202
35	261
35	264
35	285
35	286
35	327
35	399
35	400
35	456
36	106
36	117
36	191
36	282
36	303
36	435
37	62
37	156
37	295
37	486
38	26
38	89
38	90
38	232
38	266
38	319
39	108
39	366
39	386
39	392
40	79
40	133
40	304
40	344
40	418
41	109
41	286
41	391
41	456
41	472
41	473
42	7
42	144
42	353
42	424
43	119
43	213
43	324
43	367
44	60
44	208
44	271
44	306
44	367
44	499
45	123
45	156
45	230
45	478
46	148
46	176
46	342
46	388
46	469
46	498
47	11
47	66
47	126
47	173
47	281
47	283
47	317
47	408
47	430
48	6
48	162
48	189
48	206
48	300
48	325
48	362
48	371
48	445
48	448
48	456
49	15
49	82
49	124
49	223
49	305
49	404
50	20
50	133
50	305
50	344
50	358
50	407
50	425
50	496
50	498
51	34
51	259
51	339
51	351
51	464
51	469
52	102
52	229
52	230
52	444
53	32
53	61
53	95
53	142
53	173
53	187
53	205
53	223
53	235
53	311
53	460
54	29
54	234
54	265
54	346
54	450
54	475
55	105
55	312
55	315
55	405
55	437
56	27
56	73
56	119
56	180
56	273
57	116
57	193
57	209
57	220
57	349
57	452
57	495
58	157
58	202
58	217
58	241
59	161
59	353
59	360
59	474
60	4
60	13
60	44
60	83
60	122
60	137
60	354
60	394
60	396
61	53
61	65
61	74
61	103
61	134
61	161
61	187
61	201
61	409
61	434
61	440
62	37
62	386
62	392
62	435
63	117
63	163
63	368
63	375
63	446
64	140
64	159
64	287
64	367
65	61
65	91
65	107
65	160
65	229
66	11
66	24
66	47
66	71
66	112
66	125
66	126
66	145
66	148
66	198
66	283
66	357
66	367
67	5
67	30
67	73
67	227
68	142
68	165
68	251
68	371
68	477
69	26
69	101
69	139
69	180
70	222
70	290
70	296
70	303
70	347
70	375
70	386
70	397
70	458
71	66
71	145
71	188
71	283
71	297
71	317
71	387
72	26
72	30
72	101
72	121
72	286
73	56
73	67
73	155
73	308
73	383
73	429
74	9
74	17
74	61
74	80
74	91
74	107
74	158
74	173
74	181
74	195
74	262
74	273
74	316
74	318
74	393
74	409
74	485
75	123
75	156
75	186
75	444
75	486
76	159
76	213
76	248
76	250
76	252
76	268
76	273
76	333
76	334
77	15
77	185
77	201
77	404
78	304
78	348
78	441
78	492
79	40
79	200
79	271
79	481
79	492
80	74
80	187
80	305
80	409
80	424
81	87
81	306
81	326
81	388
82	14
82	32
82	49
82	152
82	164
82	169
82	208
82	231
82	278
82	404
82	443
83	60
83	85
83	154
83	379
83	398
84	119
84	226
84	319
84	337
84	447
85	33
85	83
85	115
85	203
85	235
85	356
85	493
86	244
86	355
86	389
86	445
87	81
87	196
87	242
87	388
88	105
88	320
88	377
88	410
88	430
88	444
88	487
88	491
89	26
89	38
89	116
89	119
89	121
89	134
89	146
89	168
89	180
89	194
89	199
89	257
89	266
89	319
89	329
89	416
89	427
89	490
90	38
90	155
90	193
90	239
90	329
90	377
90	385
90	452
90	486
91	17
91	65
91	74
91	158
91	235
91	256
91	311
91	327
91	374
91	404
91	440
91	467
91	485
92	234
92	291
92	304
92	411
92	433
92	450
93	192
93	344
93	406
93	407
93	479
94	151
94	215
94	411
94	469
95	53
95	152
95	192
95	479
96	12
96	174
96	314
96	450
97	19
97	149
97	170
97	186
97	241
97	387
97	427
97	445
97	471
98	122
98	301
98	342
98	406
98	418
99	149
99	261
99	353
99	398
99	456
100	23
100	108
100	117
100	303
100	366
100	409
100	432
100	458
101	27
101	69
101	72
101	102
101	139
101	194
101	239
101	490
102	52
102	101
102	444
102	478
102	486
103	61
103	150
103	159
103	176
103	213
103	238
103	250
103	251
103	252
103	273
103	306
103	307
103	313
103	334
103	367
103	381
103	454
103	457
103	489
103	499
104	109
104	149
104	172
104	386
105	55
105	88
105	213
105	267
106	36
106	162
106	244
106	325
107	65
107	74
107	114
107	173
107	208
107	405
108	39
108	100
108	194
108	270
108	375
109	41
109	104
109	127
109	172
109	175
109	242
109	289
109	456
110	31
110	131
110	432
110	450
111	18
111	113
111	343
111	362
111	405
111	431
111	459
111	488
112	23
112	66
112	203
112	230
113	111
113	212
113	267
113	378
113	427
113	430
113	482
113	497
114	29
114	107
114	223
114	404
115	85
115	137
115	141
115	146
115	154
115	363
115	398
115	399
115	406
115	414
115	418
115	468
115	484
115	498
116	57
116	89
116	146
116	193
116	337
116	397
116	408
117	36
117	63
117	100
117	392
118	29
118	131
118	151
118	323
118	384
118	450
119	43
119	56
119	84
119	89
119	194
119	199
119	210
119	220
119	319
119	452
120	133
120	152
120	358
120	388
120	390
120	449
120	461
121	72
121	89
121	326
121	464
122	60
122	98
122	154
122	277
123	23
123	45
123	75
123	138
123	167
123	187
123	203
123	444
123	486
124	49
124	345
124	347
124	458
125	66
125	133
125	145
125	198
125	280
125	408
126	11
126	47
126	66
126	145
126	283
127	109
127	264
127	327
127	378
127	456
128	7
128	170
128	264
128	384
128	391
129	162
129	298
129	300
129	477
130	218
130	258
130	274
130	277
130	287
130	335
130	353
130	392
130	483
131	110
131	118
131	215
131	276
131	411
132	14
132	187
132	211
132	485
133	40
133	50
133	120
133	125
133	358
133	461
134	61
134	89
134	173
134	404
135	11
135	198
135	261
135	408
136	6
136	276
136	390
136	461
136	479
137	33
137	60
137	115
137	154
137	476
138	123
138	167
138	203
138	302
139	69
139	101
139	225
139	266
139	495
140	64
140	207
140	213
140	251
140	259
140	271
140	334
140	454
141	13
141	115
141	173
141	376
141	388
141	394
141	418
141	468
142	53
142	68
142	387
142	480
143	182
143	372
143	389
143	420
144	42
144	217
144	256
144	360
144	422
145	24
145	28
145	66
145	71
145	125
145	126
145	198
145	219
145	358
145	449
146	89
146	115
146	116
146	168
146	226
146	436
147	201
147	220
147	404
147	434
148	11
148	46
148	66
148	198
148	408
149	97
149	99
149	104
149	247
149	264
150	10
150	103
150	159
150	164
150	179
150	213
150	247
150	367
151	94
151	118
151	433
151	488
152	82
152	95
152	120
152	228
152	289
152	314
152	344
152	352
152	358
152	438
153	35
153	224
153	258
153	448
154	12
154	83
154	115
154	122
154	137
154	285
154	363
154	383
154	394
154	416
155	73
155	90
155	209
155	329
155	443
156	37
156	45
156	75
156	203
156	317
156	486
157	58
157	160
157	202
157	256
157	316
158	74
158	91
158	196
158	201
158	404
159	10
159	21
159	64
159	76
159	103
159	150
159	181
159	207
159	210
159	225
159	250
159	252
159	265
159	273
159	275
159	324
159	367
159	381
159	456
159	465
160	15
160	65
160	157
160	173
160	235
160	409
161	59
161	61
161	214
161	258
161	263
161	274
161	353
162	48
162	106
162	129
162	165
162	300
162	404
162	480
163	28
163	63
163	282
163	303
164	82
164	150
164	251
164	252
164	275
164	298
164	457
165	68
165	162
165	427
165	431
166	30
166	217
166	241
166	248
166	284
167	123
167	138
167	229
167	412
167	444
167	478
168	89
168	146
168	199
168	239
168	337
168	397
168	434
169	82
169	181
169	235
169	333
170	97
170	128
170	361
170	371
170	427
171	251
171	254
171	489
171	499
172	30
172	104
172	109
172	261
172	456
173	47
173	53
173	74
173	107
173	134
173	141
173	160
173	181
173	235
173	318
173	356
173	467
174	29
174	96
174	274
174	370
174	450
175	3
175	109
175	242
175	292
175	456
176	46
176	103
176	326
176	355
176	388
176	396
176	446
176	465
176	498
177	256
177	312
177	378
177	431
178	353
178	387
178	471
178	477
179	21
179	150
179	182
179	213
179	252
179	298
179	457
180	56
180	69
180	89
180	220
180	485
181	9
181	14
181	15
181	32
181	74
181	159
181	169
181	173
181	187
181	205
181	217
181	223
181	238
181	404
181	467
181	485
181	486
182	143
182	179
182	282
182	303
182	372
183	25
183	186
183	214
183	300
183	412
183	445
183	477
183	480
184	219
184	290
184	338
184	340
184	368
185	77
185	258
185	277
185	327
186	75
186	97
186	183
186	371
186	477
187	15
187	32
187	53
187	61
187	80
187	123
187	132
187	181
187	205
187	231
187	278
187	386
187	491
188	71
188	243
188	336
188	436
189	48
189	206
189	268
189	300
189	350
189	427
189	448
190	214
190	218
190	247
190	437
191	36
191	209
191	365
191	420
192	93
192	95
192	340
192	466
192	481
193	27
193	30
193	57
193	90
193	116
193	257
193	339
194	89
194	101
194	108
194	119
194	235
194	308
195	74
195	201
195	223
195	224
195	404
196	87
196	158
196	326
196	355
196	359
196	429
196	462
196	463
197	260
197	334
197	364
197	454
198	11
198	66
198	125
198	135
198	145
198	148
198	276
198	317
198	475
199	30
199	89
199	119
199	168
199	201
199	319
199	337
199	381
199	385
199	495
200	79
200	276
200	293
200	352
200	407
200	441
201	61
201	77
201	147
201	158
201	195
201	199
201	223
202	3
202	35
202	58
202	157
202	222
202	240
202	256
202	322
202	343
202	349
202	360
202	366
202	422
203	85
203	112
203	123
203	138
203	156
203	444
203	486
204	328
204	390
204	464
204	490
205	53
205	181
205	187
205	223
206	48
206	189
206	236
206	244
207	140
207	159
207	213
207	271
207	415
208	44
208	82
208	107
208	364
208	369
209	57
209	155
209	191
209	226
209	319
210	3
210	119
210	159
210	232
210	256
210	341
210	343
210	349
210	350
210	357
210	379
210	443
211	132
211	226
211	308
211	464
212	113
212	312
212	459
212	491
213	15
213	43
213	76
213	103
213	105
213	140
213	150
213	179
213	207
213	256
213	273
213	334
213	367
213	373
213	381
213	398
213	499
214	7
214	161
214	183
214	190
214	227
214	249
214	318
214	353
214	424
214	437
215	94
215	131
215	282
215	291
215	410
215	422
215	433
215	450
215	453
215	475
216	330
216	354
216	383
216	417
216	491
217	34
217	58
217	144
217	166
217	181
217	241
217	248
217	256
217	316
217	322
217	332
217	454
217	494
218	26
218	130
218	190
218	327
218	335
218	353
218	400
219	11
219	24
219	145
219	184
219	283
220	57
220	119
220	147
220	180
220	329
220	436
221	3
221	248
221	343
221	371
222	70
222	202
222	240
222	282
222	347
222	366
222	375
223	49
223	53
223	114
223	181
223	195
223	201
223	205
223	249
223	250
223	258
223	369
223	393
223	467
223	485
224	153
224	195
224	353
224	384
225	139
225	159
225	251
225	252
225	323
225	334
226	30
226	84
226	146
226	209
226	211
226	317
226	329
227	67
227	214
227	335
227	424
228	152
228	276
228	289
228	461
229	52
229	65
229	167
229	302
229	486
230	23
230	45
230	52
230	112
230	263
230	471
231	7
231	14
231	82
231	187
231	311
231	409
232	3
232	38
232	210
232	238
232	245
232	341
232	350
232	404
232	412
232	422
233	277
233	327
233	335
233	430
233	456
234	54
234	92
234	314
234	321
234	410
234	426
234	475
235	17
235	53
235	85
235	91
235	160
235	169
235	173
235	194
235	369
235	440
236	4
236	33
236	206
236	301
236	363
236	484
237	275
237	324
237	334
237	468
238	3
238	103
238	181
238	232
238	256
238	443
239	90
239	101
239	168
239	319
240	3
240	202
240	222
240	382
240	403
241	3
241	58
241	97
241	166
241	217
241	280
241	294
241	316
241	349
241	400
241	422
241	443
242	7
242	87
242	109
242	175
242	258
242	261
242	335
242	402
242	456
243	188
243	283
243	408
243	487
244	6
244	25
244	86
244	106
244	206
244	268
244	371
244	427
244	430
244	433
244	445
244	477
245	3
245	232
245	266
245	422
246	12
246	291
246	450
246	492
247	149
247	150
247	190
247	277
247	286
247	393
247	400
248	76
248	166
248	217
248	221
248	256
248	357
248	403
249	214
249	223
249	264
249	293
250	76
250	103
250	159
250	223
251	10
251	23
251	68
251	103
251	140
251	164
251	171
251	225
251	265
251	298
251	306
251	371
251	381
251	454
251	457
252	21
252	76
252	103
252	159
252	164
252	179
252	225
252	264
252	275
252	298
252	381
252	467
253	262
253	377
253	378
253	423
253	431
253	491
254	171
254	282
254	303
254	375
255	259
255	304
255	348
255	390
256	3
256	91
256	144
256	157
256	177
256	202
256	210
256	213
256	217
256	238
256	248
256	284
256	316
256	332
256	349
256	382
256	412
256	417
256	421
256	422
257	89
257	193
257	328
257	381
257	490
258	7
258	130
258	153
258	161
258	185
258	223
258	242
258	274
258	286
258	329
258	335
259	51
259	140
259	255
259	455
259	470
259	500
260	15
260	197
260	298
260	381
261	35
261	99
261	135
261	172
261	242
261	335
261	353
261	437
262	12
262	74
262	253
262	291
262	370
262	450
263	23
263	161
263	230
263	295
264	1
264	7
264	35
264	127
264	128
264	149
264	249
264	252
264	288
264	292
264	335
264	353
264	377
264	384
264	424
264	462
264	473
265	54
265	159
265	251
265	306
265	413
266	38
266	89
266	139
266	245
266	329
267	3
267	105
267	113
267	313
267	320
267	377
267	383
267	400
267	482
268	76
268	189
268	244
268	371
269	311
269	315
269	338
269	345
269	347
269	372
269	420
269	476
270	108
270	282
270	347
270	450
270	476
271	31
271	44
271	79
271	140
271	207
271	273
271	306
271	381
271	454
272	10
272	344
272	390
272	461
273	56
273	74
273	76
273	103
273	159
273	213
273	271
273	275
273	306
273	333
273	334
273	381
273	413
273	489
274	130
274	161
274	174
274	258
274	277
274	292
274	327
274	399
274	402
275	159
275	164
275	237
275	252
275	273
275	324
275	341
275	353
275	367
275	454
276	131
276	136
276	198
276	200
276	228
276	438
276	466
276	496
277	122
277	130
277	185
277	233
277	247
277	274
277	372
277	400
277	456
278	82
278	187
278	311
278	326
279	20
279	26
279	425
279	479
280	11
280	125
280	241
280	281
281	11
281	47
281	280
281	300
281	408
282	36
282	163
282	182
282	215
282	222
282	254
282	270
282	303
282	309
282	357
282	375
282	386
283	11
283	28
283	47
283	66
283	71
283	126
283	219
283	243
283	317
283	336
283	408
283	453
283	480
284	3
284	166
284	256
284	361
285	35
285	154
285	376
285	406
286	35
286	41
286	72
286	247
286	258
286	287
286	424
286	455
286	456
287	64
287	130
287	286
287	335
287	399
288	264
288	327
288	331
288	391
289	109
289	152
289	228
289	321
289	358
289	407
289	449
290	70
290	184
290	296
290	372
291	10
291	92
291	215
291	246
291	262
291	460
292	175
292	264
292	274
292	384
293	200
293	249
293	353
293	400
293	473
294	3
294	241
294	350
294	357
294	358
294	412
294	494
295	37
295	263
295	486
295	490
296	70
296	290
296	347
296	488
297	11
297	28
297	71
297	408
297	493
298	129
298	164
298	179
298	251
298	252
298	260
298	477
299	316
299	412
299	447
299	484
300	48
300	129
300	162
300	183
300	189
300	281
301	98
301	236
301	457
301	493
302	138
302	229
302	375
302	478
303	36
303	70
303	100
303	163
303	182
303	254
303	282
303	335
303	340
303	365
303	368
303	372
303	392
303	432
303	463
303	476
303	480
303	483
304	40
304	78
304	92
304	255
304	324
304	449
305	49
305	50
305	80
305	440
306	44
306	81
306	103
306	251
306	265
306	271
306	273
306	348
306	381
307	103
307	334
307	404
307	454
308	26
308	73
308	194
308	211
309	282
309	345
309	380
309	442
310	355
310	395
310	463
310	489
311	53
311	91
311	231
311	269
311	278
311	383
312	2
312	55
312	177
312	212
312	362
313	103
313	267
313	377
313	383
313	415
313	430
314	96
314	152
314	234
314	346
314	370
315	55
315	269
315	405
315	497
316	74
316	157
316	217
316	241
316	256
316	299
316	332
316	403
316	443
316	459
317	24
317	47
317	71
317	156
317	198
317	226
317	283
317	408
318	74
318	173
318	214
318	404
318	485
319	32
319	38
319	84
319	89
319	119
319	199
319	209
319	239
319	479
319	495
320	88
320	267
320	331
320	377
320	423
320	481
320	482
321	20
321	234
321	289
321	344
322	202
322	217
322	328
322	412
322	422
323	31
323	118
323	225
323	460
324	10
324	43
324	159
324	237
324	275
324	304
325	48
325	106
325	387
325	497
326	16
326	81
326	121
326	176
326	196
326	278
326	429
326	455
326	498
327	35
327	91
327	127
327	185
327	218
327	233
327	274
327	288
327	381
327	399
328	204
328	257
328	322
328	329
329	26
329	27
329	30
329	89
329	90
329	155
329	220
329	226
329	258
329	266
329	328
329	412
329	464
330	216
330	344
330	441
330	496
331	288
331	320
331	383
331	415
331	417
332	217
332	256
332	316
332	379
332	442
332	451
333	76
333	169
333	273
333	381
334	10
334	14
334	76
334	103
334	140
334	197
334	213
334	225
334	237
334	273
334	307
334	421
335	130
335	218
335	227
335	233
335	242
335	258
335	261
335	264
335	287
335	303
335	351
335	456
335	462
335	474
335	499
336	8
336	28
336	188
336	283
337	25
337	84
337	116
337	168
337	199
338	184
338	269
338	380
338	386
339	51
339	193
339	429
339	446
339	463
339	465
339	500
340	184
340	192
340	303
340	375
340	380
341	22
341	210
341	232
341	275
342	16
342	46
342	98
342	426
342	455
342	463
342	465
342	482
342	498
343	111
343	202
343	210
343	221
343	349
344	40
344	50
344	93
344	152
344	272
344	321
344	330
344	370
344	395
344	440
344	449
344	479
345	124
345	269
345	309
345	386
346	54
346	314
346	460
346	475
347	4
347	70
347	124
347	222
347	269
347	270
347	296
347	358
347	386
347	432
348	78
348	255
348	306
348	438
349	3
349	57
349	202
349	210
349	241
349	256
349	343
349	375
349	421
349	494
350	189
350	210
350	232
350	294
351	34
351	51
351	335
351	388
352	16
352	152
352	200
352	438
353	7
353	42
353	59
353	99
353	130
353	161
353	178
353	214
353	218
353	224
353	261
353	264
353	275
353	293
353	384
353	417
353	474
354	60
354	216
354	377
354	430
355	86
355	176
355	196
355	310
355	359
355	388
355	401
355	425
355	426
355	429
355	446
356	13
356	85
356	173
356	372
356	398
357	22
357	66
357	210
357	248
357	282
357	294
357	412
357	443
357	494
358	20
358	50
358	120
358	133
358	145
358	152
358	289
358	294
358	347
358	407
358	481
358	492
358	496
359	196
359	355
359	361
359	388
360	59
360	144
360	202
360	422
360	428
361	6
361	170
361	284
361	359
361	371
361	427
361	480
362	48
362	111
362	312
362	377
362	430
363	13
363	115
363	154
363	236
363	394
363	414
363	452
363	456
364	17
364	32
364	197
364	208
364	404
365	191
365	303
365	392
365	420
365	496
366	39
366	100
366	202
366	222
367	43
367	44
367	64
367	66
367	103
367	150
367	159
367	213
367	275
367	373
367	494
368	9
368	63
368	184
368	303
368	476
369	208
369	223
369	235
369	440
369	454
370	29
370	174
370	262
370	314
370	344
370	410
370	475
371	2
371	48
371	68
371	170
371	186
371	221
371	244
371	251
371	268
371	361
371	427
371	451
371	471
372	143
372	182
372	269
372	277
372	290
372	303
372	356
372	435
373	213
373	367
373	381
373	424
374	14
374	15
374	91
374	434
375	63
375	70
375	108
375	222
375	254
375	282
375	302
375	340
375	349
375	435
376	141
376	285
376	398
376	458
377	1
377	2
377	18
377	88
377	90
377	253
377	264
377	267
377	313
377	320
377	354
377	362
377	430
377	431
377	463
377	482
377	491
378	8
378	113
378	127
378	177
378	253
379	83
379	210
379	332
379	422
380	309
380	338
380	340
380	483
381	103
381	159
381	199
381	213
381	251
381	252
381	257
381	260
381	271
381	273
381	306
381	327
381	333
381	373
381	413
381	489
382	22
382	240
382	256
382	428
383	1
383	8
383	18
383	73
383	154
383	216
383	267
383	311
383	313
383	331
383	405
383	430
384	118
384	128
384	224
384	264
384	292
384	353
384	400
384	408
385	5
385	90
385	199
385	394
386	39
386	62
386	70
386	104
386	187
386	282
386	338
386	345
386	347
386	392
386	432
386	483
387	71
387	97
387	142
387	178
387	325
388	46
388	81
388	87
388	120
388	141
388	176
388	351
388	355
388	359
388	446
388	463
388	470
389	86
389	143
389	448
389	477
390	120
390	136
390	204
390	255
390	272
391	41
391	128
391	288
391	392
391	402
392	39
392	62
392	117
392	130
392	303
392	365
392	386
392	391
393	74
393	223
393	247
393	404
394	60
394	141
394	154
394	363
394	385
395	310
395	344
395	429
395	446
395	455
396	60
396	176
396	418
396	472
396	493
397	70
397	116
397	168
397	490
397	495
398	83
398	99
398	115
398	213
398	356
398	376
398	414
398	416
398	468
399	35
399	115
399	274
399	287
399	327
400	35
400	218
400	241
400	247
400	267
400	277
400	293
400	384
400	424
400	474
401	34
401	355
401	413
401	439
402	242
402	274
402	391
402	456
403	240
403	248
403	316
403	422
404	9
404	49
404	77
404	82
404	91
404	114
404	134
404	147
404	158
404	162
404	181
404	195
404	232
404	307
404	318
404	364
404	393
405	55
405	107
405	111
405	315
405	383
405	482
406	33
406	93
406	98
406	115
406	285
407	50
407	93
407	200
407	289
407	358
407	485
407	492
408	6
408	11
408	47
408	116
408	125
408	135
408	148
408	243
408	281
408	283
408	297
408	317
408	384
409	32
409	61
409	74
409	80
409	100
409	160
409	231
409	440
409	461
409	485
410	12
410	31
410	88
410	215
410	234
410	370
410	450
410	453
410	460
411	12
411	92
411	94
411	131
411	468
412	167
412	183
412	232
412	256
412	294
412	299
412	322
412	329
412	357
412	422
412	428
413	265
413	273
413	381
413	401
414	115
414	363
414	398
414	470
414	493
415	207
415	313
415	331
415	419
415	430
416	89
416	154
416	398
416	493
417	216
417	256
417	331
417	353
417	419
417	487
417	491
418	40
418	98
418	115
418	141
418	396
419	1
419	415
419	417
419	430
419	446
419	488
420	143
420	191
420	269
420	365
421	256
421	334
421	349
421	442
422	5
422	144
422	202
422	215
422	232
422	241
422	245
422	256
422	322
422	360
422	379
422	403
422	412
422	428
422	442
422	443
422	447
422	472
423	8
423	253
423	320
423	491
424	42
424	80
424	214
424	227
424	264
424	286
424	373
424	400
424	456
424	473
425	50
425	279
425	355
425	461
426	16
426	234
426	342
426	355
427	6
427	25
427	89
427	97
427	113
427	165
427	170
427	189
427	244
427	361
427	371
428	11
428	360
428	382
428	412
428	422
429	73
429	196
429	326
429	339
429	355
429	395
429	469
430	18
430	47
430	88
430	113
430	233
430	244
430	313
430	354
430	362
430	377
430	383
430	415
430	419
430	459
430	487
430	488
431	111
431	165
431	177
431	253
431	377
432	100
432	110
432	303
432	347
432	386
433	12
433	92
433	151
433	215
433	244
434	61
434	147
434	168
434	374
435	36
435	62
435	372
435	375
435	457
436	30
436	146
436	188
436	220
437	55
437	190
437	214
437	261
438	152
438	276
438	348
438	352
439	401
439	446
439	469
439	470
440	61
440	91
440	235
440	305
440	344
440	369
440	409
440	467
441	78
441	200
441	330
441	466
442	309
442	332
442	421
442	422
443	3
443	82
443	155
443	210
443	238
443	241
443	316
443	357
443	422
444	20
444	52
444	75
444	88
444	102
444	123
444	167
444	203
444	478
444	486
445	11
445	48
445	86
445	97
445	183
445	244
445	451
446	63
446	176
446	339
446	355
446	388
446	395
446	419
446	439
446	463
447	3
447	84
447	299
447	422
448	48
448	153
448	189
448	389
449	120
449	145
449	289
449	304
449	344
450	12
450	27
450	29
450	54
450	92
450	96
450	110
450	118
450	174
450	215
450	246
450	262
450	270
450	410
450	453
450	495
451	25
451	332
451	371
451	445
452	5
452	57
452	90
452	119
452	363
453	215
453	283
453	410
453	450
454	103
454	140
454	197
454	217
454	251
454	271
454	275
454	307
454	369
454	457
455	33
455	259
455	286
455	326
455	342
455	395
456	18
456	35
456	41
456	48
456	99
456	109
456	127
456	159
456	172
456	175
456	233
456	242
456	277
456	286
456	335
456	363
456	402
456	424
456	473
457	21
457	103
457	164
457	179
457	251
457	301
457	435
457	454
458	70
458	100
458	124
458	376
459	2
459	111
459	212
459	316
459	430
460	29
460	53
460	291
460	323
460	346
460	410
461	120
461	133
461	136
461	228
461	272
461	409
461	425
461	479
462	7
462	196
462	264
462	335
463	196
463	303
463	310
463	339
463	342
463	377
463	388
463	446
463	465
463	470
463	498
463	500
464	51
464	121
464	204
464	211
464	329
465	159
465	176
465	339
465	342
465	463
466	7
466	192
466	276
466	441
467	91
467	173
467	181
467	223
467	252
467	440
468	115
468	141
468	237
468	398
468	411
468	472
468	493
469	46
469	51
469	94
469	429
469	439
470	259
470	388
470	414
470	439
470	463
471	6
471	19
471	97
471	178
471	230
471	371
472	4
472	41
472	396
472	422
472	468
472	493
473	22
473	41
473	264
473	293
473	424
473	456
474	59
474	335
474	353
474	400
475	54
475	198
475	215
475	234
475	346
475	370
476	137
476	269
476	270
476	303
476	368
476	483
477	6
477	11
477	19
477	68
477	129
477	178
477	183
477	186
477	244
477	298
477	389
477	480
477	495
478	45
478	102
478	167
478	302
478	444
478	486
479	21
479	93
479	95
479	136
479	279
479	319
479	344
479	461
480	25
480	142
480	162
480	183
480	283
480	303
480	361
480	477
481	79
481	192
481	320
481	358
482	113
482	267
482	320
482	342
482	377
482	405
483	130
483	303
483	380
483	386
483	476
484	115
484	236
484	299
484	493
485	9
485	15
485	74
485	91
485	132
485	180
485	181
485	223
485	318
485	407
485	409
486	23
486	37
486	75
486	90
486	102
486	123
486	156
486	181
486	203
486	229
486	295
486	444
486	478
487	88
487	243
487	417
487	430
487	488
488	111
488	151
488	296
488	419
488	430
488	487
489	103
489	171
489	273
489	310
489	381
490	3
490	89
490	101
490	204
490	257
490	295
490	397
491	29
491	88
491	187
491	212
491	216
491	253
491	377
491	417
491	423
491	497
492	78
492	79
492	246
492	358
492	407
493	85
493	297
493	301
493	396
493	414
493	416
493	468
493	472
493	484
494	217
494	294
494	349
494	357
494	367
495	30
495	57
495	139
495	199
495	319
495	397
495	450
495	477
496	50
496	276
496	330
496	358
496	365
497	113
497	315
497	325
497	491
498	46
498	50
498	115
498	176
498	326
498	342
498	463
499	44
499	103
499	171
499	213
499	335
500	16
500	259
500	339
500	463
